,time_stamp,gpu_power,gpu_freq,gpu_mem_freq,gpu_temp,gpu_util%,gpu_mem_util%,gpu_name,timestamp,us,sy,ni,id,wa,hi,si,st,cpu0_freq,cpu1_freq,cpu2_freq,cpu3_freq,cpu4_freq,cpu5_freq,cpu6_freq,cpu7_freq,cpu8_freq,cpu9_freq,cpu10_freq,cpu11_freq,cpu12_freq,cpu13_freq,cpu14_freq,cpu15_freq
0,1674291644.333, 112.52, 1710, 9251, 52, 9, 0, NVIDIA GeForce RTX 3080 Ti,1674291644.2869658,20.9,3.8,0.0,71.8,3.2,0.0,0.2,0.0,4007121,1290884,3858793,1231018,1236744,2060885,3753451,1203910,4000003,1282851,2282867,1279130,1213136,1843319,4005274,1839902
1,1674291645.342, 119.26, 1860, 9251, 52, 11, 1, NVIDIA GeForce RTX 3080 Ti,1674291645.3079417,20.9,3.8,0.0,71.8,3.2,0.0,0.2,0.0,4000000,1646981,1334389,1656017,1882630,1349414,2277187,3999996,4000025,1559862,1318857,1442302,2873809,1309744,2048835,3988711
2,1674291646.646, 117.78, 1710, 9251, 52, 9, 1, NVIDIA GeForce RTX 3080 Ti,1674291646.6153374,20.9,3.8,0.0,71.8,3.2,0.0,0.2,0.0,4007241,1200020,2397156,1200073,1200017,1675555,4014335,4000044,4000155,3098302,1200014,1815323,3999999,3999826,4011382,1200002
3,1674291647.999, 127.02, 1710, 9251, 52, 22, 4, NVIDIA GeForce RTX 3080 Ti,1674291647.9593613,20.9,3.8,0.0,71.8,3.2,0.0,0.2,0.0,1411731,1200019,1199999,1200018,4000001,4007466,1200019,2016257,1200003,2185171,1200017,1199996,3999995,3999988,1795164,1232577
4,1674291649.345, 126.00, 1710, 9251, 52, 21, 3, NVIDIA GeForce RTX 3080 Ti,1674291649.3030965,20.9,3.8,0.0,71.8,3.2,0.0,0.2,0.0,1200004,1200007,1200014,1199998,3999999,4003731,1696407,1200016,1607662,2189263,1702516,1199897,3999999,3648718,3999999,3999969
5,1674291650.682, 126.84, 1710, 9251, 52, 33, 4, NVIDIA GeForce RTX 3080 Ti,1674291650.6433356,20.9,3.8,0.0,71.8,3.2,0.0,0.2,0.0,4028658,1820845,4014920,1200049,4000000,1200053,2134352,1200011,4000000,3999950,4007047,1200081,3999982,1200004,1721014,1200013
6,1674291652.011, 138.80, 1995, 9251, 53, 46, 18, NVIDIA GeForce RTX 3080 Ti,1674291651.971369,20.9,3.8,0.0,71.8,3.2,0.0,0.2,0.0,1200259,4000001,3999954,1199997,4010134,4005870,1199999,1200027,2073076,1200014,4024031,1200010,4047119,3067127,1200189,1200014
7,1674291653.331, 204.19, 1980, 9251, 54, 31, 12, NVIDIA GeForce RTX 3080 Ti,1674291653.2912383,20.9,3.8,0.0,71.8,3.2,0.0,0.2,0.0,4019150,1199987,4021576,4000034,4000000,1901935,1200018,1200094,1200005,1200005,4013811,3448576,3999925,1200327,4038591,1200069
8,1674291654.675, 195.21, 1965, 9251, 56, 26, 7, NVIDIA GeForce RTX 3080 Ti,1674291654.635305,20.9,3.8,0.0,71.8,3.2,0.0,0.2,0.0,1200039,1200024,1200388,4000016,4014238,1200095,4040955,1200004,1200030,1200015,1199190,1200053,4006368,1200013,3238789,1671203
9,1674291656.017, 180.49, 1980, 9251, 55, 20, 4, NVIDIA GeForce RTX 3080 Ti,1674291655.9753742,20.9,3.8,0.0,71.8,3.2,0.0,0.2,0.0,4035995,1200044,3021164,3999990,4051875,1200174,1200024,1200021,4000184,1200003,1200000,1200022,4007842,2198250,1200025,4007232
10,1674291657.344, 180.04, 1980, 9251, 54, 21, 4, NVIDIA GeForce RTX 3080 Ti,1674291657.30343,20.9,3.8,0.0,71.8,3.2,0.0,0.2,0.0,4023647,1200023,1200020,1762325,4000126,1201302,2143108,4027083,4004192,2224980,1199989,1235643,4033973,1200003,4023151,4000015
11,1674291658.685, 185.34, 1980, 9251, 55, 21, 4, NVIDIA GeForce RTX 3080 Ti,1674291658.6434155,20.9,3.8,0.0,71.8,3.2,0.0,0.2,0.0,4021159,2210543,1200083,4000025,1200033,1200057,4041461,1380787,4003852,1200005,1199999,4033292,1200056,1200002,4000230,1200006
12,1674291659.999, 180.02, 1950, 9251, 56, 20, 4, NVIDIA GeForce RTX 3080 Ti,1674291659.9634135,20.9,3.8,0.0,71.8,3.2,0.0,0.2,0.0,4015104,1200008,4008344,3999997,1200056,4000021,3313797,1200053,4038622,3018700,4000010,1200017,1200165,1200042,1895914,1200001
13,1674291661.338, 180.88, 1980, 9251, 55, 22, 4, NVIDIA GeForce RTX 3080 Ti,1674291661.2953982,20.9,3.8,0.0,71.8,3.2,0.0,0.2,0.0,4022446,1200009,4015672,1199977,3999501,4033974,1602407,1200039,4000003,1200003,4000056,1200004,1200026,1200023,1200005,4017706
14,1674291662.668, 196.65, 1980, 9251, 56, 36, 17, NVIDIA GeForce RTX 3080 Ti,1674291662.627377,20.9,3.8,0.0,71.8,3.2,0.0,0.2,0.0,4030015,1927932,1200005,4007750,1200016,1200037,1923740,1200002,4000262,1202019,4000039,2794096,1543015,1200042,1200009,4000014
15,1674291664.007, 179.79, 1980, 9251, 55, 20, 3, NVIDIA GeForce RTX 3080 Ti,1674291663.9753225,20.9,3.8,0.0,71.8,3.2,0.0,0.2,0.0,4007384,1265679,1200022,1200040,1200042,1200019,4001739,2262779,4000021,4045366,1207639,1200029,1200037,1200034,1200051,4036428
16,1674291665.315, 179.96, 1980, 9251, 55, 18, 3, NVIDIA GeForce RTX 3080 Ti,1674291665.2753532,20.9,3.8,0.0,71.8,3.2,0.0,0.2,0.0,4016428,4000039,1200025,1200006,1200005,1200183,1200020,1200002,4000015,4025948,1200011,1588213,4008130,1200001,1200149,2065318
17,1674291666.66, 197.20, 1980, 9251, 56, 61, 34, NVIDIA GeForce RTX 3080 Ti,1674291666.6193528,20.9,3.8,0.0,71.8,3.2,0.0,0.2,0.0,4021849,2813345,4017612,3999997,1200011,2349419,1980481,1683090,4000015,1789693,1199999,4002259,4000073,1200032,1200021,2037953
18,1674291667.992, 188.01, 1965, 9251, 58, 40, 19, NVIDIA GeForce RTX 3080 Ti,1674291667.951388,20.9,3.8,0.0,71.8,3.2,0.0,0.2,0.0,3999999,1200022,1200005,4000068,1200034,4018008,1200010,1200002,4012417,1200011,2226928,1200023,1200011,4025712,1792821,1618862
19,1674291669.341, 180.27, 1980, 9251, 55, 19, 4, NVIDIA GeForce RTX 3080 Ti,1674291669.2953744,20.9,3.8,0.0,71.8,3.2,0.0,0.2,0.0,4035374,4015477,1200025,1274161,1220693,1569284,1450950,4004137,4000066,4000050,1200022,1200000,1200012,1200019,1200014,3999975
20,1674291670.69, 187.80, 1980, 9251, 56, 20, 4, NVIDIA GeForce RTX 3080 Ti,1674291670.6512659,20.9,3.8,0.0,71.8,3.2,0.0,0.2,0.0,4030213,1709521,1200096,4018438,1200144,1200072,4000035,2110932,4000253,1200080,1200028,1725122,4011342,1200039,1200052,4022764
21,1674291672.039, 184.52, 1965, 9251, 58, 31, 13, NVIDIA GeForce RTX 3080 Ti,1674291671.9994051,20.9,3.8,0.0,71.8,3.2,0.0,0.2,0.0,4024928,1796382,1200069,1200047,3306693,4033264,2886305,1200024,4000905,1588901,1199204,1200004,1200008,4005426,3999814,1199997
22,1674291673.369, 181.20, 1980, 9251, 55, 20, 4, NVIDIA GeForce RTX 3080 Ti,1674291673.3353307,20.9,3.8,0.0,71.9,3.2,0.0,0.2,0.0,4017112,1505094,1200000,3557555,4000007,4003705,1732626,1311635,4000025,1200002,4000004,1701739,1200007,4001133,1289286,4006191
23,1674291674.692, 181.60, 1980, 9251, 56, 22, 4, NVIDIA GeForce RTX 3080 Ti,1674291674.6513429,20.9,3.8,0.0,71.9,3.2,0.0,0.2,0.0,4000258,1200010,2599333,1200065,3999952,4000000,3016274,1199954,4000163,1200041,1200026,1200019,1200021,4013795,3995550,1779476
24,1674291676.032, 196.90, 1980, 9251, 56, 60, 34, NVIDIA GeForce RTX 3080 Ti,1674291675.9914517,20.9,3.8,0.0,71.9,3.2,0.0,0.2,0.0,4010592,1200020,1200033,1200015,4014678,4027486,2019732,1200040,4008158,1200008,1200008,1749658,4004533,2451076,4000074,1200064
25,1674291677.359, 189.33, 1965, 9251, 58, 42, 21, NVIDIA GeForce RTX 3080 Ti,1674291677.3152907,20.9,3.8,0.0,71.9,3.2,0.0,0.2,0.0,4008014,1200016,1200121,1201529,1200001,1200003,4029235,1511374,3999999,4026478,1200010,1317442,1200166,1200004,4000008,1959619
26,1674291678.697, 181.07, 1980, 9251, 56, 21, 4, NVIDIA GeForce RTX 3080 Ti,1674291678.6554108,20.9,3.8,0.0,71.9,3.2,0.0,0.2,0.0,4024829,4043135,1200014,1647288,1200167,1200026,1252103,4009294,4003813,4010125,1827302,4017753,1200003,1200014,1966927,1686300
27,1674291680.026, 196.43, 1980, 9251, 56, 20, 4, NVIDIA GeForce RTX 3080 Ti,1674291679.9872203,20.9,3.8,0.0,71.9,3.2,0.0,0.2,0.0,4006646,4062826,1200007,3605832,1200004,2062513,1200016,1200000,4001897,4018082,1200146,1200005,2953661,4083293,1200018,1200033
28,1674291681.388, 196.42, 1980, 9251, 56, 21, 4, NVIDIA GeForce RTX 3080 Ti,1674291681.343373,20.9,3.8,0.0,71.9,3.2,0.0,0.2,0.0,4012689,1200017,1200024,1200006,1967167,1200004,4000024,4018790,4000007,1200021,4026501,1200000,1200097,1200012,1200218,1200016
29,1674291682.739, 180.81, 1965, 9251, 58, 21, 4, NVIDIA GeForce RTX 3080 Ti,1674291682.699349,20.9,3.8,0.0,71.9,3.2,0.0,0.2,0.0,4020679,1200067,1200007,2033593,4007657,4000083,1200018,1200104,4000058,1855555,3999992,1199960,4000049,4006800,1200000,1865567
30,1674291684.089, 180.62, 1980, 9251, 56, 21, 4, NVIDIA GeForce RTX 3080 Ti,1674291684.0474913,20.9,3.8,0.0,71.9,3.2,0.0,0.2,0.0,4026397,1240482,1200051,1200007,4030219,1201932,4017242,1716550,3999878,2258614,1200027,1200021,4001507,4017870,1200071,1200015
31,1674291685.435, 195.70, 1980, 9251, 56, 20, 4, NVIDIA GeForce RTX 3080 Ti,1674291685.395349,20.9,3.8,0.0,71.9,3.2,0.0,0.2,0.0,4004045,1200022,1200012,1200073,4018284,1200026,1200020,3960610,4000057,1199995,1200012,1200016,4006350,1925325,1200006,1830441
32,1674291686.763, 192.73, 1965, 9251, 59, 48, 25, NVIDIA GeForce RTX 3080 Ti,1674291686.7232864,20.9,3.8,0.0,71.9,3.2,0.0,0.2,0.0,4008911,1200013,1200073,1200045,4019820,1200020,1200033,1200023,4014485,1632875,4000001,1200001,3999982,1200018,1200002,1200075
33,1674291688.086, 180.00, 1980, 9251, 56, 20, 4, NVIDIA GeForce RTX 3080 Ti,1674291688.043319,20.9,3.8,0.0,71.9,3.2,0.0,0.2,0.0,4000000,1200062,1200338,4019902,1200020,1200044,4009693,1200011,4000005,4025745,1200015,4000077,3499301,1200008,1199985,1200112
34,1674291689.428, 180.27, 1980, 9251, 56, 19, 4, NVIDIA GeForce RTX 3080 Ti,1674291689.3873036,20.9,3.8,0.0,71.9,3.2,0.0,0.2,0.0,4009956,4023574,1200048,1200075,2249788,4014624,2178396,1200005,4003733,4029602,1753916,1200003,1200050,4049719,1879697,1716167
35,1674291690.764, 181.30, 1980, 9251, 56, 20, 4, NVIDIA GeForce RTX 3080 Ti,1674291690.723335,20.9,3.8,0.0,71.9,3.2,0.0,0.2,0.0,3999788,4020013,1200008,1323291,1200001,1200063,1920936,1199997,4013052,4022721,4023418,1487844,1200008,1200049,1200001,1200068
36,1674291692.089, 181.13, 1980, 9251, 56, 21, 4, NVIDIA GeForce RTX 3080 Ti,1674291692.0472772,20.9,3.8,0.0,71.9,3.2,0.0,0.2,0.0,4000004,3999956,1200039,1200058,1202183,4016940,3040601,1200013,4011187,4020937,1200034,1200021,1200009,1199989,1200039,3999172
37,1674291693.427, 196.36, 1980, 9251, 57, 51, 26, NVIDIA GeForce RTX 3080 Ti,1674291693.3833897,20.9,3.8,0.0,71.9,3.2,0.0,0.2,0.0,4008137,4000063,1200029,1200003,1200020,1440859,3999975,1200026,4029679,1230095,4000000,4000023,1200010,2574391,2064460,1200090
38,1674291694.758, 181.84, 1980, 9251, 57, 25, 7, NVIDIA GeForce RTX 3080 Ti,1674291694.7191558,20.9,3.8,0.0,71.9,3.2,0.0,0.2,0.0,4000067,1200035,1200065,1201440,4000003,1200009,2041254,1200024,4029130,1200004,3999821,1200056,4012477,1200049,1989593,1199987
39,1674291696.097, 179.31, 1980, 9251, 56, 20, 4, NVIDIA GeForce RTX 3080 Ti,1674291696.0555923,20.9,3.8,0.0,71.9,3.2,0.0,0.2,0.0,4040037,4020987,1200143,1200001,1200011,4025574,1200031,1200014,4033555,3999995,1200016,1200064,1200053,4010593,1200073,1200076
40,1674291697.424, 195.76, 1980, 9251, 57, 20, 4, NVIDIA GeForce RTX 3080 Ti,1674291697.383354,20.9,3.8,0.0,71.9,3.2,0.0,0.2,0.0,4002025,1200018,1200013,4016304,1200107,1200021,1200024,1200056,4005153,3999869,4006681,1200081,1609377,1200042,1200048,1200006
41,1674291698.775, 197.32, 1980, 9251, 58, 62, 34, NVIDIA GeForce RTX 3080 Ti,1674291698.7313375,20.9,3.8,0.0,71.9,3.2,0.0,0.2,0.0,3999969,4021550,1200012,1200126,4018781,1200019,2159778,2187615,4024343,4000027,1830716,1199999,1200107,1200015,1667676,1200035
42,1674291700.1, 181.36, 1980, 9251, 56, 21, 4, NVIDIA GeForce RTX 3080 Ti,1674291700.0594368,20.9,3.8,0.0,71.9,3.2,0.0,0.2,0.0,4011016,3079113,4013674,1200029,1200010,1200102,1200025,4010968,4015741,1200022,3999950,4023439,1200084,1200015,1200062,1200057
43,1674291701.42, 181.85, 1980, 9251, 57, 20, 4, NVIDIA GeForce RTX 3080 Ti,1674291701.3793228,20.9,3.8,0.0,71.9,3.2,0.0,0.2,0.0,4021131,3276168,4027565,4025782,1687911,1200053,1200007,2880528,4000000,1200035,4004299,1200037,1200010,2096037,1200081,1200125
44,1674291702.764, 198.43, 1980, 9251, 57, 52, 27, NVIDIA GeForce RTX 3080 Ti,1674291702.7233121,20.9,3.8,0.0,71.9,3.2,0.0,0.2,0.0,4000086,1200034,1200076,4026252,4001756,1200045,1836964,1200014,4042757,1200019,1527581,2885148,3996962,1199990,4000007,1200029
45,1674291704.106, 181.09, 1980, 9251, 57, 21, 4, NVIDIA GeForce RTX 3080 Ti,1674291704.0634422,20.9,3.8,0.0,71.9,3.2,0.0,0.2,0.0,4022624,1200008,1583435,1200006,4011664,4024726,1602564,1200007,4025256,1809575,4025380,1200408,3999986,2775096,4014856,1200006
46,1674291705.414, 181.10, 1980, 9251, 57, 20, 4, NVIDIA GeForce RTX 3080 Ti,1674291705.3833146,20.9,3.8,0.0,71.9,3.2,0.0,0.2,0.0,4005617,1200013,1200007,4018939,4000349,4008328,1200018,2079661,4020239,1393417,1200083,1200095,3999991,2740291,1200004,4004338
47,1674291706.768, 189.42, 1980, 9251, 57, 21, 4, NVIDIA GeForce RTX 3080 Ti,1674291706.7272766,20.9,3.8,0.0,71.9,3.2,0.0,0.2,0.0,4000000,1200178,1200083,1200050,4020139,1200051,1757526,4022651,4022434,1200014,1200013,1200022,3999992,1200022,1200030,2264796
48,1674291708.1, 197.94, 1980, 9251, 57, 54, 31, NVIDIA GeForce RTX 3080 Ti,1674291708.059377,20.9,3.8,0.0,71.9,3.2,0.0,0.2,0.0,4000005,1328144,2255327,1200032,1200007,1200016,1200013,4037524,4006342,1200021,4000121,2809161,4001983,1200005,1200005,4000051
49,1674291709.449, 186.19, 1965, 9251, 59, 20, 4, NVIDIA GeForce RTX 3080 Ti,1674291709.4072695,20.9,3.8,0.0,71.9,3.2,0.0,0.2,0.0,4000122,4008042,1200007,1200037,1898574,1200007,1200014,4033968,4032818,4029894,1200002,4032434,1790221,1200008,4038667,2241606
50,1674291710.776, 182.48, 1980, 9251, 57, 21, 4, NVIDIA GeForce RTX 3080 Ti,1674291710.7352974,20.9,3.8,0.0,71.9,3.2,0.0,0.2,0.0,4000002,1200022,1200038,4000175,1200007,1200032,4009114,1200011,3999998,1200037,4005180,4013063,1661595,2056763,1200025,1200024
51,1674291712.113, 196.00, 1980, 9251, 57, 46, 22, NVIDIA GeForce RTX 3080 Ti,1674291712.0713315,20.9,3.8,0.0,71.9,3.2,0.0,0.2,0.0,4002802,1200005,1200008,4000140,2235801,1796185,1200033,4000075,4016013,1200052,1877588,4014602,4014467,1200003,1218726,1199998
52,1674291713.454, 191.81, 1965, 9251, 59, 20, 4, NVIDIA GeForce RTX 3080 Ti,1674291713.41929,20.9,3.8,0.0,71.9,3.2,0.0,0.2,0.0,4002375,1602321,4003854,3999994,1459582,1200006,1200000,1200024,4003197,1200018,1200185,4024460,2107357,1200029,1200457,2099920
53,1674291714.769, 180.84, 1980, 9251, 57, 19, 4, NVIDIA GeForce RTX 3080 Ti,1674291714.7274902,20.9,3.8,0.0,71.9,3.2,0.0,0.2,0.0,4026197,1200001,4000295,3997739,2972984,4009448,1200022,1200029,4034709,1200000,1200019,4000029,1200008,1200029,1807616,4005849
54,1674291716.12, 195.95, 1980, 9251, 57, 58, 34, NVIDIA GeForce RTX 3080 Ti,1674291716.0793176,20.9,3.8,0.0,71.9,3.2,0.0,0.2,0.0,4000112,3999987,1200004,1694501,1200066,1200024,1200027,1200038,4002494,4017755,3999999,1531745,1200024,4002905,1200005,3211784
55,1674291717.455, 180.71, 1980, 9251, 57, 19, 3, NVIDIA GeForce RTX 3080 Ti,1674291717.415196,20.9,3.8,0.0,71.9,3.2,0.0,0.2,0.0,1200009,4027794,3999855,1200044,1200008,1260680,1200002,1200016,2000041,4000016,4041988,1200058,1200010,3678882,2104084,1836812
56,1674291718.804, 180.57, 1980, 9251, 57, 19, 4, NVIDIA GeForce RTX 3080 Ti,1674291718.7634423,20.9,3.8,0.0,71.9,3.2,0.0,0.2,0.0,1200011,4025486,1200003,3999813,2070425,1951042,1200047,1200472,4001543,3999985,1200126,4011347,1200000,1200005,1626054,1200044
57,1674291720.14, 197.61, 1980, 9251, 58, 23, 4, NVIDIA GeForce RTX 3080 Ti,1674291720.099337,20.9,3.8,0.0,71.9,3.2,0.0,0.2,0.0,1200006,4013954,1200113,3999935,1503836,1200138,4036102,1200005,1200097,4000015,2611763,4013751,1200014,1200006,2088161,3999944
58,1674291721.495, 190.65, 1935, 9251, 60, 20, 4, NVIDIA GeForce RTX 3080 Ti,1674291721.4552631,20.9,3.8,0.0,71.9,3.2,0.0,0.2,0.0,1204085,4000605,1200074,3999976,1199997,1200007,3999997,1200011,1597852,3999935,1272195,4022595,1200029,1200008,2016244,1200162
59,1674291722.832, 180.10, 1980, 9251, 57, 18, 3, NVIDIA GeForce RTX 3080 Ti,1674291722.7913902,20.9,3.8,0.0,71.9,3.2,0.0,0.2,0.0,1200029,4006341,3662827,4027453,1200017,4025631,1200009,1200002,1417000,3999987,1200133,2550594,1200070,4016310,3999882,1200025
60,1674291724.156, 193.63, 1980, 9251, 57, 22, 4, NVIDIA GeForce RTX 3080 Ti,1674291724.1153824,20.9,3.8,0.0,71.9,3.2,0.0,0.2,0.0,2522360,4000566,1199993,1200040,1200004,1889825,4011568,4005420,1206263,4000132,2232461,1489558,1200021,1200020,4007852,1200012
61,1674291725.497, 197.56, 1980, 9251, 58, 33, 15, NVIDIA GeForce RTX 3080 Ti,1674291725.4553497,20.9,3.8,0.0,71.9,3.2,0.0,0.2,0.0,4026977,4027443,1200038,1200032,4000095,1200083,1199983,1611611,4021109,4000030,1843064,4020892,2198208,1603919,1200156,4007219
62,1674291726.813, 182.35, 1980, 9251, 57, 20, 4, NVIDIA GeForce RTX 3080 Ti,1674291726.7712693,20.9,3.8,0.0,71.9,3.2,0.0,0.2,0.0,3999942,4019123,1200055,4000359,1245071,1199993,1285534,1200016,4019036,1200042,1200004,4013661,3999928,1200253,1200007,1200035
63,1674291728.128, 198.09, 1980, 9251, 58, 61, 34, NVIDIA GeForce RTX 3080 Ti,1674291728.0873525,20.9,3.8,0.0,71.9,3.2,0.0,0.2,0.0,1576926,3766347,1200021,4000088,4008029,4013825,1200043,1200074,1715480,1429074,1200033,4003205,3999991,1200040,1200031,1200053
64,1674291729.459, 196.56, 1980, 9251, 59, 36, 17, NVIDIA GeForce RTX 3080 Ti,1674291729.431281,20.9,3.8,0.0,71.9,3.2,0.0,0.2,0.0,1199999,1200006,1200079,1200055,4008859,4035344,3999988,1199990,1200020,1200001,1200069,1200030,4000187,3999993,1504265,1200003
65,1674291730.797, 181.13, 1980, 9251, 57, 20, 4, NVIDIA GeForce RTX 3080 Ti,1674291730.755426,20.9,3.8,0.0,71.9,3.2,0.0,0.2,0.0,1899064,4023989,4004536,1486167,4024638,1200027,1719833,2612167,1200582,2679999,4048311,4023875,4001495,1883732,1200013,1200010
66,1674291732.149, 181.13, 1980, 9251, 57, 21, 4, NVIDIA GeForce RTX 3080 Ti,1674291732.107313,20.9,3.8,0.0,71.9,3.2,0.0,0.2,0.0,4015174,1669571,4007144,1200043,4014752,1200997,1200004,1817042,4003685,1200026,4000000,1200009,4000022,1200015,1781705,1200024
67,1674291733.484, 199.31, 1980, 9251, 58, 33, 14, NVIDIA GeForce RTX 3080 Ti,1674291733.4434404,20.9,3.8,0.0,71.9,3.2,0.0,0.2,0.0,1199999,4025896,4007490,1200025,4018090,1200030,1820497,2034834,3442164,1200023,3999982,4001420,4000026,1209062,1200024,1200042
68,1674291734.8, 181.64, 1980, 9251, 57, 20, 4, NVIDIA GeForce RTX 3080 Ti,1674291734.7592986,20.9,3.8,0.0,71.9,3.2,0.0,0.2,0.0,2762500,1200010,4010930,1200030,4017853,1200607,4009552,1200077,1200004,1200000,3011883,1200382,4000110,4012029,1200051,4016467
69,1674291736.132, 195.56, 1980, 9251, 57, 20, 4, NVIDIA GeForce RTX 3080 Ti,1674291736.0914333,20.9,3.8,0.0,71.9,3.2,0.0,0.2,0.0,1199976,1264665,1876821,1200017,4015861,4021402,1897310,2794040,2180469,3714970,1215459,1200014,3999980,4011524,1200033,1200039
70,1674291737.488, 197.59, 1980, 9251, 58, 34, 16, NVIDIA GeForce RTX 3080 Ti,1674291737.4473364,20.9,3.8,0.0,71.9,3.2,0.0,0.2,0.0,1200053,1200065,4016274,1200024,4023015,4015077,1200022,1200008,1210452,1200008,4000003,1200974,4001067,4001420,1666161,1244009
71,1674291738.84, 190.40, 1965, 9251, 59, 19, 3, NVIDIA GeForce RTX 3080 Ti,1674291738.7953243,20.9,3.8,0.0,71.9,3.2,0.0,0.2,0.0,4002806,1200010,1200028,1200002,4000000,4010501,1200021,1200008,4000036,1200079,1200034,1200003,4005850,1200008,1200004,3999997
72,1674291740.18, 181.77, 1980, 9251, 57, 20, 4, NVIDIA GeForce RTX 3080 Ti,1674291740.1393518,20.9,3.8,0.0,71.9,3.2,0.0,0.2,0.0,2139732,1564677,1200070,1611551,4002797,4024429,1802330,4023848,1200029,1199994,1200041,1200019,4000004,4014466,1200015,3999660
73,1674291741.476, 182.23, 1980, 9251, 58, 21, 4, NVIDIA GeForce RTX 3080 Ti,1674291741.4434237,20.9,3.8,0.0,71.9,3.2,0.0,0.2,0.0,4002362,1801525,1518517,1200005,4011976,1894067,4024468,4005380,1200020,1927010,1200314,1200004,3999964,1574678,1200002,3999981
74,1674291742.122, 197.76, 1980, 9251, 58, 61, 34, NVIDIA GeForce RTX 3080 Ti,1674291742.0891776,20.9,3.8,0.0,71.9,3.2,0.0,0.2,0.0,2536663,1659008,2564148,1974337,4005618,1854330,3235278,4005501,2675785,2559815,1602705,3695901,4001567,1607672,1899390,4002320
75,1674291743.517, 180.76, 1965, 9251, 60, 20, 4, NVIDIA GeForce RTX 3080 Ti,1674291743.4792016,20.9,3.8,0.0,71.9,3.2,0.0,0.2,0.0,3333588,1408942,1200005,1200003,4042875,1200608,1200022,1200447,4024212,1610505,1200044,4000510,4000089,1200072,1200008,1713119
76,1674291744.91, 181.57, 1980, 9251, 57, 20, 4, NVIDIA GeForce RTX 3080 Ti,1674291744.8673959,20.9,3.8,0.0,71.9,3.2,0.0,0.2,0.0,4024144,3999752,3952951,3999812,4028754,2409395,1200011,1613103,1749768,1200060,4020471,1893639,4005436,2015362,4018840,1200059
77,1674291746.319, 181.33, 1980, 9251, 57, 21, 4, NVIDIA GeForce RTX 3080 Ti,1674291746.2791865,20.9,3.8,0.0,71.9,3.2,0.0,0.2,0.0,4015408,1200030,4015762,1200002,3999999,1200039,1200025,1200102,4003605,1200015,4000001,1200011,4011637,1200007,1200010,1200023
78,1674291747.72, 197.92, 1980, 9251, 58, 62, 34, NVIDIA GeForce RTX 3080 Ti,1674291747.6793573,20.9,3.8,0.0,71.9,3.2,0.0,0.2,0.0,1200028,1200025,3823669,4007686,4010801,1200005,4000043,1200026,2209684,1928592,4016608,1201522,3998884,1200030,4024774,1200034
79,1674291749.125, 198.58, 1980, 9251, 58, 59, 34, NVIDIA GeForce RTX 3080 Ti,1674291749.0834026,20.9,3.8,0.0,71.9,3.2,0.0,0.2,0.0,4028204,1200001,1200063,1200075,4024509,1200088,4000012,1200006,1200028,4005090,3746145,1200048,3999984,2024617,4001771,1200054
80,1674291750.517, 181.04, 1980, 9251, 57, 20, 4, NVIDIA GeForce RTX 3080 Ti,1674291750.4753678,20.9,3.8,0.0,71.9,3.2,0.0,0.2,0.0,3732016,1267259,1200003,1200042,4022145,1200052,1200008,3999990,1200008,1200063,1332219,1200067,3999992,3079618,1200028,4000821
81,1674291751.9, 180.74, 1980, 9251, 58, 20, 4, NVIDIA GeForce RTX 3080 Ti,1674291751.8594182,20.9,3.8,0.0,71.9,3.2,0.0,0.2,0.0,1200060,1200035,1200051,1200014,4008072,2223646,1200004,3998863,1200006,1984465,4000377,1199997,4000018,1200010,4000007,4023903
82,1674291753.306, 198.59, 1980, 9251, 58, 61, 34, NVIDIA GeForce RTX 3080 Ti,1674291753.2672367,20.9,3.8,0.0,71.9,3.2,0.0,0.2,0.0,4028496,4000003,1200051,1200077,4022677,3238018,1705268,1199988,3999994,1200011,3999070,1200026,4004540,1200065,1200057,1949714
83,1674291754.698, 180.98, 1950, 9251, 59, 20, 4, NVIDIA GeForce RTX 3080 Ti,1674291754.667259,20.9,3.8,0.0,71.9,3.2,0.0,0.2,0.0,4008570,1200006,4022521,1200022,4024560,1200036,1199998,1200026,3999983,1200056,2392079,2183603,3999973,1200027,1797154,1605235
84,1674291756.092, 180.86, 1980, 9251, 58, 21, 4, NVIDIA GeForce RTX 3080 Ti,1674291756.0514793,20.9,3.8,0.0,71.9,3.2,0.0,0.2,0.0,4002168,4033262,1200006,1200089,4004310,2439919,2135490,1861620,4013984,3999686,1200002,1871010,4001491,1200016,1200009,1200019
85,1674291757.465, 198.87, 1980, 9251, 58, 60, 34, NVIDIA GeForce RTX 3080 Ti,1674291757.4272468,20.9,3.8,0.0,71.9,3.2,0.0,0.2,0.0,4000545,4006481,1700405,1200009,4034019,1200027,1413590,1200078,4013308,3999996,2200839,1200004,1200022,1200012,1200041,1946433
86,1674291758.868, 198.82, 1980, 9251, 59, 49, 26, NVIDIA GeForce RTX 3080 Ti,1674291758.827256,20.9,3.8,0.0,71.9,3.2,0.0,0.2,0.0,4003328,4024492,1200155,4000016,1200011,1200034,1200006,1200076,4042416,3999992,1200240,4000019,3999835,1555963,1200002,1200023
87,1674291760.273, 180.87, 1980, 9251, 57, 20, 4, NVIDIA GeForce RTX 3080 Ti,1674291760.2313488,20.9,3.8,0.0,71.9,3.2,0.0,0.2,0.0,4000031,4012858,1200025,1200114,1199999,1553468,1200039,1200007,4006676,4000006,1200021,1200050,1200035,1200018,1837952,4008889
88,1674291761.677, 181.89, 1980, 9251, 58, 31, 11, NVIDIA GeForce RTX 3080 Ti,1674291761.6354268,20.9,3.8,0.0,71.9,3.2,0.0,0.2,0.0,4000053,4011851,1200172,1983676,4009782,1200137,1200003,1200032,4028340,4003191,1200041,1200020,2305763,1200015,1200032,1200009
89,1674291763.069, 198.35, 1980, 9251, 58, 60, 34, NVIDIA GeForce RTX 3080 Ti,1674291763.031386,20.9,3.8,0.0,71.9,3.2,0.0,0.2,0.0,1200006,4028504,1200028,4000008,1200000,1199990,1200017,1199983,1200008,4000107,1200001,4012324,1750976,1200007,1200015,4019234
90,1674291764.465, 181.55, 1980, 9251, 57, 20, 4, NVIDIA GeForce RTX 3080 Ti,1674291764.4234738,20.9,3.8,0.0,71.9,3.2,0.0,0.2,0.0,4033284,4024749,1807355,1200008,4000012,1200093,1200020,1457847,1200023,4036290,4002971,1200067,4031521,1423134,4000007,1200025
91,1674291765.863, 181.53, 1980, 9251, 58, 20, 4, NVIDIA GeForce RTX 3080 Ti,1674291765.8313227,20.9,3.8,0.0,71.9,3.2,0.0,0.2,0.0,1200010,1200031,4000129,1978672,3999978,1200004,4005565,1200027,4032502,1200075,1201457,1200007,4000000,1200033,4000003,1624787
92,1674291767.247, 197.35, 1980, 9251, 58, 62, 34, NVIDIA GeForce RTX 3080 Ti,1674291767.2033372,20.9,3.8,0.0,71.9,3.2,0.0,0.2,0.0,1200001,2247557,1200014,4022983,3999827,1200015,4022973,1200031,1200000,1748018,2787851,4000124,4015663,1219438,3999798,1200002
93,1674291768.614, 182.09, 1980, 9251, 57, 20, 4, NVIDIA GeForce RTX 3080 Ti,1674291768.5834386,20.9,3.8,0.0,71.9,3.2,0.0,0.2,0.0,2997306,4003700,1314750,2122207,4000157,1200001,4022732,1200021,1200004,1200029,1323664,4012736,4013194,1200050,1200077,3999213
94,1674291770.016, 183.93, 1980, 9251, 58, 21, 4, NVIDIA GeForce RTX 3080 Ti,1674291769.9753625,20.9,3.8,0.0,71.9,3.2,0.0,0.2,0.0,1200005,1200033,3999937,1200025,3999928,2134270,1200011,4005265,1828180,1200030,1200025,1200001,4014791,1200029,1200034,4000043
95,1674291771.415, 196.31, 1980, 9251, 59, 59, 33, NVIDIA GeForce RTX 3080 Ti,1674291771.3752062,20.9,3.8,0.0,71.9,3.2,0.0,0.2,0.0,1199992,2017075,1200019,4006872,2320282,1200017,4000014,4011205,1199999,1200143,1200023,1199973,1200021,1218721,4002497,3999985
96,1674291772.816, 181.51, 1980, 9251, 58, 20, 4, NVIDIA GeForce RTX 3080 Ti,1674291772.7673225,20.9,3.8,0.0,71.9,3.2,0.0,0.2,0.0,1200011,1224057,4013156,1200082,1200039,1200043,4000018,4004072,2111777,1542842,1200014,4000108,1200054,1200000,4014364,4003721
97,1674291774.209, 182.48, 1980, 9251, 58, 21, 4, NVIDIA GeForce RTX 3080 Ti,1674291774.1673846,20.9,3.8,0.0,71.9,3.2,0.0,0.2,0.0,1200016,1200008,2163259,4011779,2641170,1718247,4004357,4021555,1200012,1200022,3999987,1200021,1918992,1200019,4015231,4000177
98,1674291775.613, 198.43, 1980, 9251, 58, 26, 7, NVIDIA GeForce RTX 3080 Ti,1674291775.5830824,20.9,3.8,0.0,71.9,3.2,0.0,0.2,0.0,1200008,1200168,1200091,4021639,1200037,1200000,1200020,4022910,4000063,3096945,1200001,1200087,1200000,4014525,1200005,4000038
99,1674291777.012, 182.43, 1920, 9251, 61, 25, 7, NVIDIA GeForce RTX 3080 Ti,1674291776.971238,20.9,3.8,0.0,71.9,3.2,0.0,0.2,0.0,4017399,1200031,1200172,1200038,1200012,1893971,1200091,4014553,3999930,1200042,2337940,1199989,1200089,1200019,3999118,4000004
100,1674291778.409, 180.88, 1980, 9251, 58, 20, 4, NVIDIA GeForce RTX 3080 Ti,1674291778.3673587,20.9,3.8,0.0,71.9,3.2,0.0,0.2,0.0,1200217,1200001,2038614,1200014,4009121,1815751,3999950,4009138,1200001,1200010,1200070,1877175,3999941,1200031,4011464,4025678
101,1674291779.804, 195.37, 1980, 9251, 58, 34, 13, NVIDIA GeForce RTX 3080 Ti,1674291779.7633767,20.9,3.8,0.0,71.9,3.2,0.0,0.2,0.0,1200052,1200036,1200131,1628792,4009175,1200037,1200020,4029322,1215254,4005573,1539415,1200030,4000000,1200001,1200001,4000040
102,1674291781.203, 198.76, 1980, 9251, 58, 57, 32, NVIDIA GeForce RTX 3080 Ti,1674291781.1631641,20.9,3.8,0.0,71.9,3.2,0.0,0.2,0.0,1200027,1591763,1200030,4008089,4000926,1200083,1200035,4011544,2363051,1200042,1200034,4003698,4000002,1200008,1200032,3999996
103,1674291782.598, 183.67, 1965, 9251, 60, 26, 7, NVIDIA GeForce RTX 3080 Ti,1674291782.5552435,20.9,3.8,0.0,71.9,3.2,0.0,0.2,0.0,1200001,1200014,1643106,1200008,4005933,1200042,1510320,4010636,1200089,1385884,4010304,1200012,3997948,1200025,1200010,4000016
104,1674291784.002, 182.21, 1965, 9251, 60, 20, 4, NVIDIA GeForce RTX 3080 Ti,1674291783.9632416,20.9,3.8,0.0,71.9,3.2,0.0,0.2,0.0,2397859,1637299,3950619,1200080,4028083,3999910,1200019,4029925,1200013,1200036,1200046,2002263,4020652,4024851,2284849,4010473
105,1674291785.372, 181.36, 1980, 9251, 58, 20, 4, NVIDIA GeForce RTX 3080 Ti,1674291785.3431418,20.9,3.8,0.0,71.9,3.2,0.0,0.2,0.0,2401453,1200008,1957570,1200022,4020828,1200094,4000011,4000000,1200008,2318863,1200017,1607386,1200026,4021022,4031882,3999999
106,1674291786.763, 181.59, 1980, 9251, 58, 20, 4, NVIDIA GeForce RTX 3080 Ti,1674291786.7231152,20.9,3.8,0.0,71.9,3.2,0.0,0.2,0.0,2479623,1200030,1200008,4000231,1698479,1200004,4034336,4003986,1200005,1200030,1200008,1200031,4000001,1200004,4019678,4000104
107,1674291788.176, 181.56, 1980, 9251, 58, 20, 4, NVIDIA GeForce RTX 3080 Ti,1674291788.1353397,20.9,3.8,0.0,71.9,3.2,0.0,0.2,0.0,1200049,1200022,1200017,1200024,4000000,1898641,4023093,4004025,1200021,1200048,1200006,2291800,4024144,1200002,4012994,4000012
108,1674291789.586, 198.53, 1980, 9251, 58, 62, 34, NVIDIA GeForce RTX 3080 Ti,1674291789.5433586,20.9,3.8,0.0,71.9,3.2,0.0,0.2,0.0,2434164,1200018,1200001,1200009,1200188,1200004,4000024,4024308,1744136,1300676,1212807,4011111,1199999,1806644,4028944,4000009
109,1674291790.985, 198.15, 1980, 9251, 58, 59, 34, NVIDIA GeForce RTX 3080 Ti,1674291790.9434025,20.9,3.8,0.0,71.9,3.2,0.0,0.2,0.0,1327903,1200016,4017477,1200061,3999842,1733002,1200013,4009990,1200040,1200001,4000000,1483735,4025973,1200002,1200013,3999984
110,1674291792.371, 197.66, 1980, 9251, 59, 60, 34, NVIDIA GeForce RTX 3080 Ti,1674291792.3312726,20.9,3.8,0.0,71.9,3.2,0.0,0.2,0.0,1200025,1200018,4017053,1200111,1200041,2326822,1200010,4032921,1200074,1200056,3999992,1200015,1200064,3008653,1799757,4000010
111,1674291793.785, 181.30, 1980, 9251, 58, 21, 4, NVIDIA GeForce RTX 3080 Ti,1674291793.7395115,20.9,3.8,0.0,71.9,3.2,0.0,0.2,0.0,1200020,2221641,4005525,1200014,4000371,1629177,1200013,4010735,1200007,1411222,1200017,4000008,2264121,4027686,1199986,4000007
112,1674291795.199, 198.23, 1980, 9251, 58, 34, 14, NVIDIA GeForce RTX 3080 Ti,1674291795.1592562,20.9,3.8,0.0,71.9,3.2,0.0,0.2,0.0,1200008,1200024,1885768,2772668,1200029,4000001,4018510,4022662,1200019,1200032,1706426,1201778,1200052,4008973,4006044,4000032
113,1674291796.602, 198.59, 1980, 9251, 58, 62, 34, NVIDIA GeForce RTX 3080 Ti,1674291796.571316,20.9,3.8,0.0,71.9,3.2,0.0,0.2,0.0,1987619,1199990,1200013,4015738,1802575,4019798,1200025,4021274,1200120,1426502,1200013,4000000,1369785,4000024,1200065,3999977
114,1674291797.994, 182.34, 1980, 9251, 58, 21, 4, NVIDIA GeForce RTX 3080 Ti,1674291797.9551835,20.9,3.8,0.0,71.9,3.2,0.0,0.2,0.0,1200041,1202380,1226300,1645861,1200106,4002211,2519323,4008485,1200008,1200002,1973641,4000112,1200013,4013377,1200263,3997471
115,1674291799.365, 181.73, 1980, 9251, 58, 20, 4, NVIDIA GeForce RTX 3080 Ti,1674291799.3234005,20.9,3.8,0.0,71.9,3.2,0.0,0.2,0.0,4018434,1200008,1200055,4000002,1202691,2150173,4018075,4029377,3465544,1199994,1200006,1200020,2003362,1539125,4000011,4000677
116,1674291800.762, 181.69, 1980, 9251, 58, 19, 4, NVIDIA GeForce RTX 3080 Ti,1674291800.7193713,20.9,3.8,0.0,71.9,3.2,0.0,0.2,0.0,2242484,1200042,4036236,1200015,1462578,1200019,4011668,4001063,1200040,1887489,2017630,1200002,1200041,4009682,4000042,4006931
117,1674291802.136, 197.32, 1980, 9251, 58, 46, 22, NVIDIA GeForce RTX 3080 Ti,1674291802.0953112,20.9,3.8,0.0,71.9,3.2,0.0,0.2,0.0,1245679,2009236,4015841,1200018,1200024,4022096,1200018,4003082,4017851,1201361,4000020,3618982,1200067,1200027,1200311,4039678
118,1674291803.537, 181.29, 1980, 9251, 58, 19, 4, NVIDIA GeForce RTX 3080 Ti,1674291803.495309,20.9,3.8,0.0,71.9,3.2,0.0,0.2,0.0,1360895,1200035,1200067,1347398,4000001,4010826,1200010,4001563,4011631,1200013,1200014,1200005,1200062,1200005,3999979,4000999
119,1674291804.925, 180.78, 1980, 9251, 58, 20, 4, NVIDIA GeForce RTX 3080 Ti,1674291804.8832521,20.9,3.8,0.0,71.9,3.2,0.0,0.2,0.0,1200055,1200021,1200026,1577602,4012617,1200027,4000196,4027730,1975669,1200036,4000562,4037693,1200065,1200009,2044936,4000053
120,1674291806.323, 198.36, 1980, 9251, 58, 22, 4, NVIDIA GeForce RTX 3080 Ti,1674291806.2833846,20.9,3.8,0.0,71.9,3.2,0.0,0.2,0.0,1200003,2480409,1200117,1689045,3999989,1200112,4019924,4020184,3004833,3999992,2296761,1200529,4016423,1200035,1840170,3999995
121,1674291807.729, 192.37, 1950, 9251, 60, 47, 24, NVIDIA GeForce RTX 3080 Ti,1674291807.6873655,20.9,3.8,0.0,71.9,3.2,0.0,0.2,0.0,1200002,2265641,1200044,4009588,4000112,1200036,1200026,4024155,1200092,1200029,1200028,1200016,4003803,1226554,1200025,4000015
122,1674291809.121, 183.25, 1980, 9251, 58, 24, 5, NVIDIA GeForce RTX 3080 Ti,1674291809.0792804,20.9,3.8,0.0,71.9,3.2,0.0,0.2,0.0,3819401,1281801,1201053,1200079,4000042,1200027,1200033,4020386,4010986,1199996,1607894,1200003,4015655,1200036,1200006,4009113
123,1674291810.512, 182.30, 1980, 9251, 58, 21, 4, NVIDIA GeForce RTX 3080 Ti,1674291810.4712822,20.9,3.8,0.0,71.9,3.2,0.0,0.2,0.0,1200002,3554886,2939241,4025379,4000137,1200001,1200003,4004683,1200010,1200106,1200012,4000006,4014929,1200020,2033303,4000001
124,1674291811.916, 181.86, 1980, 9251, 58, 21, 4, NVIDIA GeForce RTX 3080 Ti,1674291811.875378,20.9,3.8,0.0,71.9,3.2,0.0,0.2,0.0,4000999,1200011,1200025,2949735,1200028,4000000,4000015,4018800,1200022,1199987,1200023,1200082,1200164,4000130,4001471,4000001
125,1674291813.324, 197.58, 1980, 9251, 58, 21, 4, NVIDIA GeForce RTX 3080 Ti,1674291813.279461,20.9,3.8,0.0,71.9,3.2,0.0,0.2,0.0,1200045,1200004,4037633,1200007,4032377,1200014,1200033,4014160,1200032,3519294,4000033,2125804,1455301,1200039,1200003,4000119
126,1674291814.711, 187.64, 1935, 9251, 59, 38, 18, NVIDIA GeForce RTX 3080 Ti,1674291814.6712506,20.9,3.8,0.0,71.9,3.2,0.0,0.2,0.0,1842616,1200012,1200034,2337315,4011646,1200024,4000306,4003909,1200029,1200020,1200008,1200060,4000009,4000182,1617432,4001026
127,1674291816.092, 182.46, 1980, 9251, 58, 22, 4, NVIDIA GeForce RTX 3080 Ti,1674291816.0593824,20.9,3.8,0.0,71.9,3.2,0.0,0.2,0.0,1200029,4013196,1200038,1200011,4013847,1200000,1200024,4027366,1199999,1200030,1199978,4000030,4000955,1938622,4000101,4003646
128,1674291817.494, 181.23, 1980, 9251, 58, 20, 4, NVIDIA GeForce RTX 3080 Ti,1674291817.4514654,20.9,3.8,0.0,71.9,3.2,0.0,0.2,0.0,4032345,1265063,1200017,1200022,1200019,2671142,4001660,4000000,2422466,3166619,1200037,1200012,2143638,4000212,4021791,4002684
129,1674291818.885, 190.87, 1980, 9251, 58, 51, 27, NVIDIA GeForce RTX 3080 Ti,1674291818.8433747,20.9,3.8,0.0,71.9,3.2,0.0,0.2,0.0,1200031,4029709,1200007,1200015,1561648,1894658,4013592,4000000,1875546,4002963,1868829,1867379,1200031,1200021,1200016,4000180
130,1674291820.298, 188.15, 1980, 9251, 60, 20, 4, NVIDIA GeForce RTX 3080 Ti,1674291820.2553158,20.9,3.8,0.0,71.9,3.2,0.0,0.2,0.0,4019174,1200014,4000018,2023815,1199981,1200010,1791231,4010226,3999945,1200040,1200017,1200040,1200043,4000829,1200007,4008463
131,1674291821.7, 181.99, 1980, 9251, 58, 21, 4, NVIDIA GeForce RTX 3080 Ti,1674291821.6633015,20.9,3.8,0.0,71.9,3.2,0.0,0.2,0.0,3988670,4053317,1199998,1502948,2289887,1200017,1200006,4013178,4014024,4040524,1800052,1424960,1200023,1204015,1200185,4006103
132,1674291823.088, 197.42, 1980, 9251, 58, 61, 34, NVIDIA GeForce RTX 3080 Ti,1674291823.0473113,20.9,3.8,0.0,71.9,3.2,0.0,0.2,0.0,1812520,4006859,1200019,1200019,1200016,1200136,4015869,4043203,2016021,3999999,1203575,1200010,1200031,1200001,1200024,4016950
133,1674291824.47, 180.43, 1980, 9251, 58, 19, 4, NVIDIA GeForce RTX 3080 Ti,1674291824.4313047,20.9,3.8,0.0,71.9,3.2,0.0,0.2,0.0,1930148,4000004,2789484,1200002,1200048,2541620,4000024,4013499,1576242,1200007,4035607,2213055,1200119,1200054,4025302,4000024
134,1674291825.877, 181.83, 1980, 9251, 58, 22, 4, NVIDIA GeForce RTX 3080 Ti,1674291825.8353431,20.9,3.8,0.0,71.9,3.2,0.0,0.2,0.0,1305790,1200015,4000003,1200002,4006545,2683888,1200018,4000245,1202313,1837066,4019302,1200123,4000012,1200048,1200007,3999890
135,1674291827.276, 198.46, 1980, 9251, 58, 61, 34, NVIDIA GeForce RTX 3080 Ti,1674291827.2354305,20.9,3.8,0.0,71.9,3.2,0.0,0.2,0.0,1203348,3999854,4000074,1200067,1200017,1200006,1200014,4004998,1200087,1729436,4000000,1502507,4007412,1264965,1200012,4000011
136,1674291828.676, 195.69, 1980, 9251, 59, 20, 4, NVIDIA GeForce RTX 3080 Ti,1674291828.6351783,20.9,3.8,0.0,71.9,3.2,0.0,0.2,0.0,1200013,1200055,4000002,1200033,1200009,1200025,1200024,4021229,3995809,1199988,4010302,1200032,1793042,1200026,2140693,3999992
137,1674291830.073, 181.00, 1950, 9251, 60, 18, 3, NVIDIA GeForce RTX 3080 Ti,1674291830.0313356,20.9,3.8,0.0,71.9,3.2,0.0,0.2,0.0,1200002,1200000,4005377,1200059,3983978,2002175,1200007,4019512,1207468,1200104,1693971,1200049,1200018,4010356,1200001,3999882
138,1674291831.481, 182.05, 1980, 9251, 58, 20, 4, NVIDIA GeForce RTX 3080 Ti,1674291831.43943,20.9,3.8,0.0,71.9,3.2,0.0,0.2,0.0,1200002,1200004,1731332,1200007,1200002,4025873,4011997,4005871,1199996,1200014,1200009,1687985,1200237,4013489,1200038,4000589
139,1674291832.856, 181.16, 1980, 9251, 58, 21, 4, NVIDIA GeForce RTX 3080 Ti,1674291832.8152506,20.9,3.8,0.0,71.9,3.2,0.0,0.2,0.0,1200001,4017541,1200037,1200040,1200025,1200051,4004293,4016579,1200030,4000003,1200029,2218447,1200019,1200122,2292244,4000010
140,1674291834.26, 197.67, 1980, 9251, 58, 22, 4, NVIDIA GeForce RTX 3080 Ti,1674291834.2192996,20.9,3.8,0.0,71.9,3.2,0.0,0.2,0.0,4042646,1892237,4007734,1859429,4028471,1200034,1200019,4003253,4002512,1809235,4035358,1200019,1200026,1584352,1900005,4000009
141,1674291835.661, 196.54, 1980, 9251, 59, 54, 30, NVIDIA GeForce RTX 3080 Ti,1674291835.6231594,20.9,3.8,0.0,71.9,3.2,0.0,0.2,0.0,3999991,2127284,4032630,1694094,1199997,1200030,1200028,4016649,4038077,1749243,1757784,1200012,1685180,4000051,3982118,4000194
142,1674291837.056, 181.09, 1980, 9251, 58, 20, 4, NVIDIA GeForce RTX 3080 Ti,1674291837.0192027,20.9,3.8,0.0,71.9,3.2,0.0,0.2,0.0,1200172,4015038,4000008,1599621,1200009,1200005,1949760,4016988,1200129,4004351,1886844,1200004,1200024,4009952,1200034,4000232
143,1674291838.448, 181.16, 1980, 9251, 58, 20, 4, NVIDIA GeForce RTX 3080 Ti,1674291838.4153693,20.9,3.8,0.0,71.9,3.2,0.0,0.2,0.0,4020194,4014650,2547065,2279243,1200034,1830388,1200002,4037405,3994382,1200009,4018434,1200017,1200095,1200007,1271332,4018663
144,1674291839.833, 182.44, 1980, 9251, 58, 21, 4, NVIDIA GeForce RTX 3080 Ti,1674291839.7913592,20.9,3.8,0.0,71.9,3.2,0.0,0.2,0.0,2016155,4006545,3999974,1333007,1200113,1695339,4032848,4016007,1200050,1200032,1450294,4019628,1200042,1200074,4015226,4000034
145,1674291841.237, 198.47, 1980, 9251, 59, 56, 31, NVIDIA GeForce RTX 3080 Ti,1674291841.1954749,20.9,3.8,0.0,71.9,3.2,0.0,0.2,0.0,1200013,1789138,1200016,4008094,1797123,1200011,1199999,4018984,1200019,1200013,1199991,4000001,4002260,1200001,1766534,4000001
146,1674291842.646, 197.55, 1980, 9251, 59, 30, 11, NVIDIA GeForce RTX 3080 Ti,1674291842.6073027,20.9,3.8,0.0,71.9,3.2,0.0,0.2,0.0,4008264,1200573,1200163,1199993,1808148,2221884,4004279,4005986,4047642,1200103,1200005,1200000,1200006,1200009,4012319,3999964
147,1674291844.048, 182.84, 1980, 9251, 58, 21, 4, NVIDIA GeForce RTX 3080 Ti,1674291844.0073528,20.9,3.8,0.0,71.9,3.2,0.0,0.2,0.0,4011194,1200025,2253436,1743328,1467993,1200001,1200300,4009812,4017160,1200004,3999980,1200053,2248467,4013380,1200016,4000024
148,1674291845.449, 182.22, 1980, 9251, 58, 20, 4, NVIDIA GeForce RTX 3080 Ti,1674291845.407421,20.9,3.8,0.0,71.9,3.2,0.0,0.2,0.0,4004029,1865371,4000000,1200005,1200011,1200022,3793319,4000000,1663810,1200014,4019347,1200061,2201106,1200020,4000000,4000203
149,1674291846.843, 181.37, 1950, 9251, 60, 19, 4, NVIDIA GeForce RTX 3080 Ti,1674291846.8114057,20.9,3.8,0.0,71.9,3.2,0.0,0.2,0.0,1200002,1200030,1200019,1200034,4010579,1316173,4001170,4022409,2095387,1200011,4022116,1200040,1200035,1200008,4071400,3999861
150,1674291848.225, 180.95, 1980, 9251, 58, 20, 4, NVIDIA GeForce RTX 3080 Ti,1674291848.1833568,20.9,3.8,0.0,71.9,3.2,0.0,0.2,0.0,1200246,1200016,3999990,2402349,3999956,2456043,1200011,4017681,1200013,1779546,1200052,4007594,1200042,1835252,4022333,4007981
151,1674291849.605, 198.60, 1980, 9251, 59, 60, 34, NVIDIA GeForce RTX 3080 Ti,1674291849.563699,20.9,3.9,0.0,71.9,3.2,0.0,0.2,0.0,1200025,1200064,4023626,4000028,1200099,1200013,4007904,4010264,1977185,1200068,1200013,4013897,1942487,1200010,1200071,4000002
152,1674291850.985, 181.44, 1980, 9251, 59, 20, 4, NVIDIA GeForce RTX 3080 Ti,1674291850.9433756,20.9,3.9,0.0,71.9,3.2,0.0,0.2,0.0,2793488,2131871,1877809,4011945,1200007,1200015,1200009,4004324,4016319,1200019,1706652,4013527,1962739,1200005,1200003,3998161
153,1674291852.384, 181.44, 1980, 9251, 58, 20, 4, NVIDIA GeForce RTX 3080 Ti,1674291852.343367,20.9,3.9,0.0,71.9,3.2,0.0,0.2,0.0,1200073,1200018,4022533,4000009,3570291,1200008,1779079,4025463,1200028,1200088,1200075,4030727,1200035,1200065,4024101,4010176
154,1674291853.797, 186.48, 1980, 9251, 58, 22, 4, NVIDIA GeForce RTX 3080 Ti,1674291853.7553852,20.9,3.9,0.0,71.9,3.2,0.0,0.2,0.0,1733120,1200028,2218380,4070845,1200006,4022565,1200009,4000000,1200006,1200074,1200073,4009866,1200011,1200020,3999968,3999925
155,1674291855.199, 197.05, 1980, 9251, 58, 61, 34, NVIDIA GeForce RTX 3080 Ti,1674291855.1592815,20.9,3.9,0.0,71.9,3.2,0.0,0.2,0.0,2257740,4042676,2320349,3999525,1200017,1200053,1200028,4007522,1200030,1200008,4000007,4000840,1624170,1200029,2373723,4003710
156,1674291856.586, 182.10, 1980, 9251, 58, 20, 4, NVIDIA GeForce RTX 3080 Ti,1674291856.547155,20.9,3.9,0.0,71.9,3.2,0.0,0.2,0.0,1200031,1200091,1633248,4028439,1611859,1200006,4012819,4031392,1200043,1200034,1200107,4011671,1918543,1200013,4015708,4000027
157,1674291857.973, 181.81, 1980, 9251, 58, 20, 4, NVIDIA GeForce RTX 3080 Ti,1674291857.931346,20.9,3.9,0.0,71.9,3.2,0.0,0.2,0.0,1200091,1200002,1200068,4000025,1200174,1200003,3999976,4030600,1200020,1200030,1200004,1200055,1200021,4013843,4016472,4000068
158,1674291859.352, 181.09, 1980, 9251, 58, 21, 4, NVIDIA GeForce RTX 3080 Ti,1674291859.3112376,20.9,3.9,0.0,71.9,3.2,0.0,0.2,0.0,1200045,1200002,1200024,2367992,1558903,1200026,2724479,4020295,3999796,1200020,1200043,1839810,1200055,1200024,3999942,4004648
159,1674291860.73, 198.69, 1980, 9251, 59, 54, 29, NVIDIA GeForce RTX 3080 Ti,1674291860.6872344,20.9,3.9,0.0,71.9,3.2,0.0,0.2,0.0,1204019,1200125,1200094,4011752,1200039,2529507,3999992,4024424,2308140,1200005,1870094,4000233,4002992,2107817,1200021,4007620
160,1674291862.113, 197.46, 1980, 9251, 59, 61, 34, NVIDIA GeForce RTX 3080 Ti,1674291862.0713537,20.9,3.9,0.0,71.9,3.2,0.0,0.2,0.0,1852124,1923747,1200007,1200036,4034054,1200022,4032918,4005585,2078309,1199987,1200026,1200090,4000000,1200025,2769537,4000664
161,1674291863.528, 198.82, 1980, 9251, 59, 61, 34, NVIDIA GeForce RTX 3080 Ti,1674291863.4835386,20.9,3.9,0.0,71.9,3.2,0.0,0.2,0.0,1200022,1200048,1199990,4000009,4000000,1201674,1200042,4018959,1200068,1201897,1200039,1200090,3999998,1200004,1813023,4074220
162,1674291864.909, 182.17, 1980, 9251, 58, 19, 4, NVIDIA GeForce RTX 3080 Ti,1674291864.8674061,20.9,3.9,0.0,71.9,3.2,0.0,0.2,0.0,1200000,2338335,3233036,1200275,4005531,1200023,1200007,4000000,1200025,4000008,1200006,1946441,4096976,1879673,1266032,4000063
163,1674291866.303, 181.76, 1980, 9251, 58, 20, 4, NVIDIA GeForce RTX 3080 Ti,1674291866.2593234,20.9,3.9,0.0,71.9,3.2,0.0,0.2,0.0,1762867,1200002,4014317,1200070,4000000,1200056,1200013,4009556,1677661,1352534,4003274,1200069,3999988,2280311,1200001,4000027
164,1674291867.679, 198.94, 1980, 9251, 58, 62, 34, NVIDIA GeForce RTX 3080 Ti,1674291867.6392446,20.9,3.9,0.0,71.9,3.2,0.0,0.2,0.0,1856680,1200006,1788481,3999944,1200006,1724426,1200012,4031601,1200009,2905787,1200013,4035498,4008950,1200025,1200023,4010634
165,1674291869.055, 197.55, 1980, 9251, 59, 20, 4, NVIDIA GeForce RTX 3080 Ti,1674291869.015253,20.9,3.9,0.0,71.9,3.2,0.0,0.2,0.0,1200001,1200031,1200083,4040860,1200038,1200020,4015349,4004919,1200011,1199993,1200006,4017796,1200096,1200016,1397899,4003072
166,1674291870.429, 182.49, 1980, 9251, 58, 21, 4, NVIDIA GeForce RTX 3080 Ti,1674291870.3874593,20.9,3.9,0.0,71.9,3.2,0.0,0.2,0.0,1200059,1909080,1426482,4044113,1199998,1200078,2534475,4001350,1200023,1525824,4000034,4022261,1200003,1200006,1200023,4000118
167,1674291871.841, 182.33, 1980, 9251, 58, 22, 4, NVIDIA GeForce RTX 3080 Ti,1674291871.7993248,20.9,3.9,0.0,71.9,3.2,0.0,0.2,0.0,1200044,3791944,1200035,4013514,1200010,1200009,1200008,4005644,1200048,4031996,2529623,1199505,4006494,1200050,1200016,4008505
168,1674291873.199, 198.37, 1980, 9251, 59, 44, 22, NVIDIA GeForce RTX 3080 Ti,1674291873.159168,20.9,3.9,0.0,71.9,3.2,0.0,0.2,0.0,1200010,1200035,1699645,4000009,4000047,1200056,1199988,4014915,4007137,1200009,1200004,3895846,1200169,1414124,4000000,4026449
169,1674291874.564, 182.26, 1980, 9251, 58, 20, 4, NVIDIA GeForce RTX 3080 Ti,1674291874.5231519,20.9,3.9,0.0,71.9,3.2,0.0,0.2,0.0,1863052,4060684,4012684,1200010,1200033,1200032,1908001,4024658,1200023,1200017,1200066,1200040,4017184,3999961,1199992,4014141
170,1674291875.96, 184.39, 1980, 9251, 58, 20, 4, NVIDIA GeForce RTX 3080 Ti,1674291875.9232125,20.9,3.9,0.0,71.9,3.2,0.0,0.2,0.0,1200056,1200017,1504935,4000090,1200014,4000499,1200004,4014570,1825112,2230000,1199847,1772985,3999813,3999572,3025674,4000000
171,1674291877.35, 181.36, 1935, 9251, 59, 20, 4, NVIDIA GeForce RTX 3080 Ti,1674291877.3072646,20.9,3.9,0.0,71.9,3.2,0.0,0.2,0.0,4000000,1306979,4000123,1872348,1199997,1199999,1200000,4009731,4014329,1200021,1200032,1200235,4008319,1200009,1200002,4012767
172,1674291878.736, 182.06, 1980, 9251, 58, 20, 4, NVIDIA GeForce RTX 3080 Ti,1674291878.6954405,20.9,3.9,0.0,71.9,3.2,0.0,0.2,0.0,4010811,1393259,1399589,1200015,4000896,1200009,1525744,4002002,4017513,1200139,1765817,1200110,1199998,1200003,1200013,4000054
173,1674291880.132, 181.76, 1980, 9251, 58, 20, 4, NVIDIA GeForce RTX 3080 Ti,1674291880.0874736,20.9,3.9,0.0,71.9,3.2,0.0,0.2,0.0,4000347,1200001,1200040,2691347,2578023,1200004,3057558,4015707,4019029,1200040,1199972,1394521,2169956,1200038,4000108,4002081
174,1674291881.532, 198.63, 1980, 9251, 58, 50, 25, NVIDIA GeForce RTX 3080 Ti,1674291881.4912682,20.9,3.9,0.0,71.9,3.2,0.0,0.2,0.0,4000172,4021491,1206540,1200006,2081095,1809734,1200035,4002334,4013722,1200031,1200013,1199996,1200074,4006090,1200065,4000133
175,1674291882.919, 199.25, 1980, 9251, 59, 62, 34, NVIDIA GeForce RTX 3080 Ti,1674291882.8753288,20.9,3.9,0.0,71.9,3.2,0.0,0.2,0.0,4010181,1200007,1200001,1200055,1200193,4001605,1222391,4010663,1200034,1199992,4013100,1202419,1200058,4020509,1199998,1293699
176,1674291884.315, 181.82, 1980, 9251, 58, 20, 4, NVIDIA GeForce RTX 3080 Ti,1674291884.2753716,20.9,3.9,0.0,71.9,3.2,0.0,0.2,0.0,4005211,1200005,1200014,3999308,1200026,1200004,1200021,2441734,4000276,3143194,4033729,4001317,1200004,1200095,4030901,1200016
177,1674291885.708, 182.68, 1980, 9251, 58, 19, 4, NVIDIA GeForce RTX 3080 Ti,1674291885.6673303,20.9,3.9,0.0,71.9,3.2,0.0,0.2,0.0,4007541,1200050,1200024,4000005,1200004,3644563,1200002,1199998,4000069,4000197,1200293,4013424,1200012,1200012,4000010,2165433
178,1674291887.105, 188.73, 1980, 9251, 58, 22, 4, NVIDIA GeForce RTX 3080 Ti,1674291887.063295,20.9,3.9,0.0,71.9,3.2,0.0,0.2,0.0,4023830,1921993,1200148,1200020,1200008,2092871,4000014,1200030,3999778,4010810,1200006,2075540,3963108,1200000,3999999,1200058
179,1674291888.497, 197.30, 1980, 9251, 58, 20, 4, NVIDIA GeForce RTX 3080 Ti,1674291888.4553013,20.9,3.9,0.0,71.9,3.2,0.0,0.2,0.0,4025198,4021898,1200018,1454351,1734620,4009232,1200025,1200126,4000647,4002342,1511731,1200031,1200034,3999819,1200085,1200037
180,1674291889.886, 198.73, 1980, 9251, 59, 61, 34, NVIDIA GeForce RTX 3080 Ti,1674291889.8472435,20.9,3.9,0.0,71.9,3.2,0.0,0.2,0.0,2827114,1200034,3999849,1200062,1200012,4028537,1200017,4043158,1200012,1199876,4024356,1200032,2173238,3999973,1200005,3999988
181,1674291891.28, 190.91, 1935, 9251, 60, 19, 4, NVIDIA GeForce RTX 3080 Ti,1674291891.2392545,20.9,3.9,0.0,71.9,3.2,0.0,0.2,0.0,1200011,1200043,1200186,1200146,1559725,4000878,2149935,4002724,1200003,1200083,1200021,1743386,4000006,3999998,1200006,4000001
182,1674291892.688, 181.44, 1980, 9251, 58, 19, 3, NVIDIA GeForce RTX 3080 Ti,1674291892.6473744,20.9,3.9,0.0,71.9,3.2,0.0,0.2,0.0,2087086,1909273,1200015,1200024,3420163,4022076,1789834,4006673,1200017,1200015,4000000,1200019,1200022,4000061,1200004,4000004
183,1674291894.085, 181.82, 1980, 9251, 58, 20, 3, NVIDIA GeForce RTX 3080 Ti,1674291894.0553112,20.9,3.9,0.0,71.9,3.2,0.0,0.2,0.0,3999994,1199994,1609480,1200057,1200002,4013772,1200009,4009085,4026028,1200052,1199989,1200015,1199998,3999820,1200008,4000097
184,1674291895.485, 197.87, 1980, 9251, 59, 44, 20, NVIDIA GeForce RTX 3080 Ti,1674291895.4434254,20.9,3.9,0.0,71.9,3.2,0.0,0.2,0.0,1408932,1766515,4000013,4003824,1904085,1200006,1569759,4025641,1200024,1199990,4015211,1923877,1200115,1200031,1200008,3999989
185,1674291896.876, 183.69, 1920, 9251, 61, 19, 4, NVIDIA GeForce RTX 3080 Ti,1674291896.8354208,20.9,3.9,0.0,71.9,3.2,0.0,0.2,0.0,1391750,4012026,4005752,1290098,1200213,1200003,2380167,4014315,2092049,1200133,1200066,4018711,1200026,1200009,2192975,4000207
186,1674291898.273, 181.33, 1980, 9251, 58, 19, 4, NVIDIA GeForce RTX 3080 Ti,1674291898.2274358,20.9,3.9,0.0,71.9,3.2,0.0,0.2,0.0,4004583,1276127,1199978,3999988,1200017,1200076,4029552,4023350,1200009,1849828,1199997,4014732,1200010,1200006,2751433,4000025
187,1674291899.645, 181.35, 1980, 9251, 58, 21, 4, NVIDIA GeForce RTX 3080 Ti,1674291899.603389,20.9,3.9,0.0,71.9,3.2,0.0,0.2,0.0,4008417,2057825,1905338,1200054,1200000,1306621,4000932,4016586,4021643,4009736,1200037,1199988,1200043,1200013,1783916,4000012
188,1674291901.032, 198.45, 1980, 9251, 58, 62, 34, NVIDIA GeForce RTX 3080 Ti,1674291900.9913692,20.9,3.9,0.0,71.9,3.2,0.0,0.2,0.0,4030014,1200003,1200024,1200095,1200047,1200044,2121458,4021822,1200007,1199923,3999587,1200032,4006186,1200019,1200034,4000023
189,1674291902.417, 198.08, 1980, 9251, 60, 21, 4, NVIDIA GeForce RTX 3080 Ti,1674291902.3752694,20.9,3.9,0.0,71.9,3.2,0.0,0.2,0.0,2831098,1200053,4010477,2284743,1834704,1200054,2451838,4012867,4009261,1200009,4000029,1200021,1200026,1922097,1201097,4013814
190,1674291903.815, 181.96, 1980, 9251, 58, 21, 4, NVIDIA GeForce RTX 3080 Ti,1674291903.7752767,20.9,3.9,0.0,71.9,3.2,0.0,0.2,0.0,1213802,3999884,1299248,1200001,1200070,3969528,1200013,4000000,4006863,4016169,1200007,1715852,1200021,2247856,1199998,4000046
191,1674291905.22, 182.79, 1980, 9251, 58, 21, 4, NVIDIA GeForce RTX 3080 Ti,1674291905.1794207,20.9,3.9,0.0,71.9,3.2,0.0,0.2,0.0,4000013,1200006,4011247,1903659,1200063,1714421,1200019,4012457,4014256,1539404,1200003,4000020,1199998,1200054,1200029,4000181
192,1674291906.624, 182.06, 1980, 9251, 58, 61, 34, NVIDIA GeForce RTX 3080 Ti,1674291906.5835369,20.9,3.9,0.0,71.9,3.2,0.0,0.2,0.0,4000061,4011511,1200016,1513349,1200026,1200075,1200014,4018809,4007400,1200001,1200045,1406083,1200622,4032472,1200130,4000004
193,1674291908.005, 181.47, 1980, 9251, 58, 19, 3, NVIDIA GeForce RTX 3080 Ti,1674291907.9634533,20.9,3.9,0.0,71.9,3.2,0.0,0.2,0.0,3999899,1533931,1199995,1200074,1200003,2413586,1952860,4004175,4023226,1200012,4018833,1200173,3923987,1200055,4000007,4000149
194,1674291909.413, 181.87, 1980, 9251, 58, 19, 3, NVIDIA GeForce RTX 3080 Ti,1674291909.3714397,20.9,3.9,0.0,71.9,3.2,0.0,0.2,0.0,1200043,4007424,1200062,1200041,1200033,1200931,4016573,4002946,1200009,4032164,1200058,1200005,1200041,1199988,4012188,4000380
195,1674291910.812, 191.36, 1980, 9251, 59, 47, 24, NVIDIA GeForce RTX 3080 Ti,1674291910.7713275,20.9,3.9,0.0,71.9,3.2,0.0,0.2,0.0,4003669,3999926,1857973,1683881,1200004,1200009,1200013,4040005,1200030,4016640,1200046,1200001,1200016,1336150,4001615,4000089
196,1674291912.218, 196.96, 1965, 9251, 60, 20, 4, NVIDIA GeForce RTX 3080 Ti,1674291912.175391,20.9,3.9,0.0,71.9,3.2,0.0,0.2,0.0,1525550,3999981,1199994,1200019,1200023,4008538,1689837,4004202,4000001,4033825,1200010,1200031,1200028,1200007,1200032,4000232
197,1674291913.645, 182.27, 1980, 9251, 58, 19, 4, NVIDIA GeForce RTX 3080 Ti,1674291913.6033306,20.9,3.9,0.0,71.9,3.2,0.0,0.2,0.0,1716611,4000006,1787606,3999982,1200140,1200007,3999991,4023009,1213681,4031938,1200021,1200007,1737360,1200014,4013436,4000022
198,1674291915.06, 181.99, 1980, 9251, 58, 29, 10, NVIDIA GeForce RTX 3080 Ti,1674291915.01933,20.9,3.9,0.0,71.9,3.2,0.0,0.2,0.0,1202552,4003465,1200000,1200023,2113057,4027464,1292908,4002070,1200026,4009813,2107142,4033711,1939075,1199994,1200016,4000019
199,1674291916.477, 197.60, 1980, 9251, 59, 59, 34, NVIDIA GeForce RTX 3080 Ti,1674291916.435374,20.9,3.9,0.0,71.9,3.2,0.0,0.2,0.0,1200053,1472902,4025635,4028741,1200124,1852644,1200026,4025809,1199996,1732047,1200012,1200003,4000104,4006414,1834328,4000158
200,1674291917.877, 194.81, 1965, 9251, 60, 54, 29, NVIDIA GeForce RTX 3080 Ti,1674291917.8353908,20.9,3.9,0.0,71.9,3.2,0.0,0.2,0.0,4023645,1200008,1200156,1200024,1200060,4000026,1200009,4023786,1200077,1200135,1200100,1200020,1200079,4031425,4012510,4000051
201,1674291919.264, 182.29, 1980, 9251, 58, 18, 3, NVIDIA GeForce RTX 3080 Ti,1674291919.2231793,20.9,3.9,0.0,71.9,3.2,0.0,0.2,0.0,1200019,1604388,1635088,1200016,1200016,4000090,1200010,4009445,1200014,1891440,1200001,1633973,1200089,1199998,1200008,4004384
202,1674291920.665, 198.03, 1980, 9251, 58, 62, 35, NVIDIA GeForce RTX 3080 Ti,1674291920.623361,20.9,3.9,0.0,71.9,3.2,0.0,0.2,0.0,1200101,1362351,1200064,4018115,1200056,4006014,1200013,4009325,1200006,1200011,2941078,4000076,1200079,2256541,1200014,4001994
203,1674291922.058, 198.46, 1980, 9251, 58, 46, 23, NVIDIA GeForce RTX 3080 Ti,1674291922.0193467,20.9,3.9,0.0,71.9,3.2,0.0,0.2,0.0,1200026,1200003,1200047,4003931,4000363,1200025,2006486,4000004,1200041,1820968,1200005,4002451,4012365,1972928,1200034,4012349
204,1674291923.444, 181.86, 1950, 9251, 60, 20, 4, NVIDIA GeForce RTX 3080 Ti,1674291923.3993025,20.9,3.9,0.0,71.9,3.2,0.0,0.2,0.0,4005742,1200023,1200109,4002011,1200008,1200058,1200014,4000033,1869009,1200020,2020987,4000238,1492296,4000033,1200006,1969321
205,1674291924.841, 181.77, 1980, 9251, 58, 21, 4, NVIDIA GeForce RTX 3080 Ti,1674291924.7994292,20.9,3.9,0.0,71.9,3.2,0.0,0.2,0.0,4011022,1199998,4013259,4000650,1200006,1200010,1200037,1200066,4008183,1200004,3990163,4000215,1200027,1200006,1361760,1200011
206,1674291926.226, 190.33, 1980, 9251, 59, 58, 33, NVIDIA GeForce RTX 3080 Ti,1674291926.1833675,20.9,3.9,0.0,71.9,3.2,0.0,0.2,0.0,4035862,1200002,1200019,4010469,1200036,4000073,1766460,1200071,1200086,1199996,4000000,4000000,1871240,4005185,1199982,1200077
207,1674291927.608, 193.61, 1935, 9251, 61, 20, 4, NVIDIA GeForce RTX 3080 Ti,1674291927.5672648,20.9,3.9,0.0,71.9,3.2,0.0,0.2,0.0,2149423,4000000,1200094,3999968,1200024,1200032,4009431,1200085,1651845,4000484,1200022,1200023,4008626,1200020,4003528,1200003
208,1674291928.982, 181.52, 1980, 9251, 58, 20, 4, NVIDIA GeForce RTX 3080 Ti,1674291928.9473884,20.9,3.9,0.0,71.9,3.2,0.0,0.2,0.0,1200011,4034635,2199897,1609079,1200016,1423215,4034988,2807236,1624925,4016484,1200413,1200021,3999901,2310834,4002021,1200069
209,1674291930.374, 181.34, 1980, 9251, 58, 20, 4, NVIDIA GeForce RTX 3080 Ti,1674291930.33139,20.9,3.9,0.0,71.9,3.2,0.0,0.2,0.0,3999889,4010932,1200013,1201837,1200001,4006480,2503529,1200014,1843645,4014745,4010679,1200038,1200014,3999596,1200045,1199996
210,1674291931.791, 181.25, 1980, 9251, 58, 20, 4, NVIDIA GeForce RTX 3080 Ti,1674291931.7473242,20.9,3.9,0.0,71.9,3.2,0.0,0.2,0.0,1708606,4029210,1200033,4010464,3999980,1199972,1199998,4008918,1199986,4000040,1200043,1199992,1200006,1200029,2185848,4000020
211,1674291933.18, 181.62, 1980, 9251, 58, 20, 4, NVIDIA GeForce RTX 3080 Ti,1674291933.1393764,20.9,3.9,0.0,71.9,3.2,0.0,0.2,0.0,4008765,1200030,1199363,1200042,1200075,4002850,3999990,2099810,1714557,1755950,3999976,1200029,1200037,4086720,1200010,4012009
212,1674291934.586, 198.12, 1980, 9251, 59, 60, 34, NVIDIA GeForce RTX 3080 Ti,1674291934.547425,20.9,3.9,0.0,71.9,3.2,0.0,0.2,0.0,1200031,1200036,4019981,1200023,1200008,4019599,1200015,1867683,1200060,2204140,3999974,1200006,4000019,4069914,4010957,1200033
213,1674291935.984, 181.94, 1980, 9251, 58, 21, 4, NVIDIA GeForce RTX 3080 Ti,1674291935.9433622,20.9,3.9,0.0,71.9,3.2,0.0,0.2,0.0,3190069,1200021,4027361,1200060,3999995,4034125,1200024,1200151,1678404,2248559,3999990,1200014,4019269,4057753,1200024,1200084
214,1674291937.388, 181.86, 1980, 9251, 58, 23, 4, NVIDIA GeForce RTX 3080 Ti,1674291937.3473935,20.9,3.9,0.0,71.9,3.2,0.0,0.2,0.0,1200018,1200008,1646394,4010986,3999999,4002588,2408504,1200030,4023972,1200005,1200005,1200019,3999907,4021822,1200066,1200237
215,1674291938.769, 181.82, 1980, 9251, 58, 21, 4, NVIDIA GeForce RTX 3080 Ti,1674291938.7273421,20.9,3.9,0.0,71.9,3.2,0.0,0.2,0.0,1219988,1200056,4008619,1982757,4004785,4000000,1200031,1200029,1199998,1200005,1200007,1200018,4000000,4001934,1808363,4027642
216,1674291940.169, 187.67, 1980, 9251, 58, 37, 16, NVIDIA GeForce RTX 3080 Ti,1674291940.1273768,20.9,3.9,0.0,71.9,3.2,0.0,0.2,0.0,1200151,1200058,4002055,1200993,4010316,4020000,1200034,1199976,1200053,1200014,2080758,4001782,2095340,3999989,1200015,4000009
217,1674291941.548, 182.35, 1980, 9251, 58, 20, 4, NVIDIA GeForce RTX 3080 Ti,1674291941.507263,20.9,3.9,0.0,71.9,3.2,0.0,0.2,0.0,2113214,1395149,1200008,1200064,2159978,4016479,1200026,4016346,1200016,1200082,4000003,1200050,1200044,4016875,1200010,4000015
218,1674291942.932, 189.60, 1980, 9251, 58, 19, 4, NVIDIA GeForce RTX 3080 Ti,1674291942.8952787,20.9,3.9,0.0,71.9,3.2,0.0,0.2,0.0,1895416,4021959,3481223,1200319,1200081,4023066,1706267,4002255,1200012,1200047,1200000,1605828,1200008,4021613,4037725,3999990
219,1674291944.309, 199.03, 1980, 9251, 59, 47, 22, NVIDIA GeForce RTX 3080 Ti,1674291944.2674298,20.9,3.9,0.0,71.9,3.2,0.0,0.2,0.0,4000008,1200007,1199189,1200006,1200029,4023267,4000021,1200008,4004621,1200013,1200028,1200063,1342789,4000013,1200000,1200137
220,1674291945.728, 184.02, 1965, 9251, 60, 28, 9, NVIDIA GeForce RTX 3080 Ti,1674291945.68727,20.9,3.9,0.0,71.9,3.2,0.0,0.2,0.0,3999947,1200016,4004768,1605458,1200011,4008406,1200017,1200019,4019608,1200054,1200077,3999998,1200035,4005446,1200014,1200001
221,1674291947.128, 182.17, 1965, 9251, 59, 20, 4, NVIDIA GeForce RTX 3080 Ti,1674291947.0873785,20.9,3.9,0.0,71.9,3.2,0.0,0.2,0.0,3999993,1404753,1200019,2698549,1200015,4018803,1200030,4002087,4009629,1200019,1513270,1200017,1200006,4005586,1200015,3996898
222,1674291948.529, 181.87, 1980, 9251, 58, 21, 4, NVIDIA GeForce RTX 3080 Ti,1674291948.487299,20.9,3.9,0.0,71.9,3.2,0.0,0.2,0.0,3999955,1200003,2817692,2303491,1200063,4013704,1873273,1200073,4022380,1200019,1200077,4018479,1200025,4002183,1534354,1200022
223,1674291949.929, 186.96, 1980, 9251, 58, 22, 4, NVIDIA GeForce RTX 3080 Ti,1674291949.8873718,20.9,3.9,0.0,71.9,3.2,0.0,0.2,0.0,4000003,1204878,1200062,3999982,1200005,4027016,1200008,1200018,4020193,1200006,4010999,1200046,1200054,4016848,1200082,1445484
224,1674291951.339, 198.97, 1980, 9251, 58, 38, 17, NVIDIA GeForce RTX 3080 Ti,1674291951.299211,20.9,3.9,0.0,71.9,3.2,0.0,0.2,0.0,4034632,1200022,1200064,4020083,1200032,4032205,1200003,1200019,4016633,1200257,2044702,1404422,4025428,4000183,1200007,1200005
225,1674291952.737, 199.14, 1980, 9251, 59, 61, 34, NVIDIA GeForce RTX 3080 Ti,1674291952.6954198,20.9,3.9,0.0,71.9,3.2,0.0,0.2,0.0,4000074,1200052,1200063,2013008,4009943,4012320,1200007,1986903,4011032,1471522,1200045,1200089,4001740,4000011,1200510,1199997
226,1674291954.12, 181.27, 1980, 9251, 58, 20, 4, NVIDIA GeForce RTX 3080 Ti,1674291954.0793195,20.9,3.9,0.0,71.9,3.2,0.0,0.2,0.0,4008936,1200025,1200042,4002801,1863740,4029197,1200020,3679374,1805848,1199983,1200036,1200009,4023066,4037737,1822347,1200057
227,1674291955.521, 181.58, 1980, 9251, 58, 20, 4, NVIDIA GeForce RTX 3080 Ti,1674291955.479362,20.9,3.9,0.0,71.9,3.2,0.0,0.2,0.0,1453898,1687865,3999969,1200227,4000065,4000801,1200013,2283261,1200004,1501971,1200007,1200033,4026844,4001459,2714845,1200012
228,1674291956.925, 185.15, 1980, 9251, 58, 22, 4, NVIDIA GeForce RTX 3080 Ti,1674291956.8834,20.9,3.9,0.0,71.9,3.2,0.0,0.2,0.0,4000000,2094499,1204844,1577941,1200027,4000069,1943955,4017167,4000157,1828041,1200034,1200009,1214007,4000005,1199996,1200008
229,1674291958.297, 198.05, 1980, 9251, 58, 21, 4, NVIDIA GeForce RTX 3080 Ti,1674291958.2553527,20.9,3.9,0.0,71.9,3.2,0.0,0.2,0.0,4020726,3772181,4012035,1200039,1431068,4012737,1200022,1200065,4000311,1200014,4025867,1200024,1200040,4001421,1200026,3357374
230,1674291959.701, 198.23, 1980, 9251, 58, 21, 4, NVIDIA GeForce RTX 3080 Ti,1674291959.655371,20.9,3.9,0.0,71.9,3.2,0.0,0.2,0.0,4000014,1200037,4000245,1200061,1200037,4013374,1200020,1200023,4011696,1200035,3999970,1797665,1200160,4017699,1200108,1200052
231,1674291961.085, 198.39, 1980, 9251, 59, 62, 34, NVIDIA GeForce RTX 3080 Ti,1674291961.0433195,20.9,3.9,0.0,71.9,3.2,0.0,0.2,0.0,4013142,2043643,1200071,4000032,1200062,4000000,1200008,1759988,3999999,1201030,1200039,4019799,1200007,4021170,1200024,1200030
232,1674291962.453, 182.16, 1980, 9251, 58, 20, 4, NVIDIA GeForce RTX 3080 Ti,1674291962.4114113,20.9,3.9,0.0,71.9,3.2,0.0,0.2,0.0,4000021,2210773,1200031,1200006,1200030,4010665,3984972,4018582,4028098,1200041,1200091,3136223,1200121,4017655,1200009,3999989
233,1674291963.862, 181.64, 1980, 9251, 58, 21, 4, NVIDIA GeForce RTX 3080 Ti,1674291963.8194041,20.9,3.9,0.0,71.9,3.2,0.0,0.2,0.0,1200007,1630166,4056311,4013627,2018088,4011062,4006145,1200054,1199996,3323814,1200215,4000066,1200072,3999924,1200055,1619038
234,1674291965.26, 199.27, 1980, 9251, 58, 26, 7, NVIDIA GeForce RTX 3080 Ti,1674291965.2192802,20.9,3.9,0.0,71.9,3.2,0.0,0.2,0.0,4021510,1768289,1200002,4008596,1200003,4018220,4008415,1296014,1200123,1200015,2770351,4000072,1200024,3999990,1200065,1200022
235,1674291966.648, 181.67, 1950, 9251, 60, 20, 4, NVIDIA GeForce RTX 3080 Ti,1674291966.6073823,20.9,3.9,0.0,71.9,3.2,0.0,0.2,0.0,1200018,1200057,1200045,4014766,1200018,4037986,4043644,1834849,3999896,1772399,2030686,4009585,1200032,4017498,1199992,1550869
236,1674291968.033, 181.51, 1980, 9251, 58, 20, 4, NVIDIA GeForce RTX 3080 Ti,1674291967.9913743,20.9,3.9,0.0,71.9,3.2,0.0,0.2,0.0,1200032,1200044,1200021,1199994,1200011,4000000,4012967,4019738,1200029,1200054,1200018,1200007,1394015,4017813,4000013,4000438
237,1674291969.424, 193.38, 1980, 9251, 58, 61, 34, NVIDIA GeForce RTX 3080 Ti,1674291969.3833287,20.9,3.9,0.0,71.9,3.2,0.0,0.2,0.0,1200026,2220971,1200004,4000304,4011435,3999999,1227423,1827172,1200512,3571021,3624177,4019523,4000002,3999948,1200014,1200088
238,1674291970.818, 196.55, 1980, 9251, 59, 20, 4, NVIDIA GeForce RTX 3080 Ti,1674291970.7792692,20.9,3.9,0.0,71.9,3.2,0.0,0.2,0.0,2093334,2423325,1200030,4000022,1814609,4032276,1887939,1200019,1200041,1853646,1200039,4015864,1200006,4000019,4024313,3680495
239,1674291972.211, 181.49, 1980, 9251, 58, 20, 4, NVIDIA GeForce RTX 3080 Ti,1674291972.1673865,20.9,3.9,0.0,71.9,3.2,0.0,0.2,0.0,1250376,1755979,4003796,2099849,1200099,4009325,1200025,1200031,1199971,4018935,3999813,3563797,1832932,4023406,1362586,1200058
240,1674291973.614, 181.87, 1980, 9251, 58, 21, 4, NVIDIA GeForce RTX 3080 Ti,1674291973.5714555,20.9,3.9,0.0,71.9,3.2,0.0,0.2,0.0,1936869,1200062,4018426,1200011,1200001,4014253,1788873,3999819,1200011,1200017,4000002,1357571,4003688,4004870,1200026,1889368
241,1674291975.026, 198.68, 1980, 9251, 58, 26, 7, NVIDIA GeForce RTX 3080 Ti,1674291974.9833076,20.9,3.9,0.0,71.9,3.2,0.0,0.2,0.0,1681522,1200068,4005506,1200071,1200024,4006654,1200018,3999997,1199980,1200115,3999960,1200002,1911363,4005600,1200037,1200080
242,1674291976.435, 198.15, 1980, 9251, 58, 61, 34, NVIDIA GeForce RTX 3080 Ti,1674291976.3952491,20.9,3.9,0.0,71.9,3.2,0.0,0.2,0.0,4006147,1200005,4008065,1800086,1199994,4015760,1200034,1908123,4035153,1200040,4002503,1266667,1200017,4013008,1200004,2128533
243,1674291977.833, 195.06, 1980, 9251, 59, 20, 4, NVIDIA GeForce RTX 3080 Ti,1674291977.7913196,20.9,3.9,0.0,71.9,3.2,0.0,0.2,0.0,1200064,1200010,4021273,1859037,1200017,4025040,4007138,1200325,1200014,1650760,4006933,1200030,1200021,3999999,1200005,1200010
244,1674291979.228, 181.92, 1950, 9251, 60, 21, 4, NVIDIA GeForce RTX 3080 Ti,1674291979.1872396,20.9,3.9,0.0,71.9,3.2,0.0,0.2,0.0,1200025,2034791,4000255,1200000,1199993,4034151,1200028,1200022,1769802,3999983,4006170,1537598,1200049,4017257,1200017,1840242
245,1674291980.624, 181.92, 1980, 9251, 58, 45, 20, NVIDIA GeForce RTX 3080 Ti,1674291980.5834203,20.9,3.9,0.0,71.9,3.2,0.0,0.2,0.0,1200030,1200029,4000000,1200036,1200008,4017230,1200017,1583556,1201176,1699233,4000180,1200063,1200018,4008115,1200027,2358655
246,1674291982.023, 179.77, 1980, 9251, 58, 19, 3, NVIDIA GeForce RTX 3080 Ti,1674291981.9831626,20.9,3.9,0.0,71.9,3.2,0.0,0.2,0.0,1200045,1200042,4005846,3999981,1200004,4024600,1200019,2196861,1746844,1200014,3999931,1200283,4031956,4024348,1199996,4027513
247,1674291983.434, 181.36, 1980, 9251, 58, 58, 34, NVIDIA GeForce RTX 3080 Ti,1674291983.3913178,20.9,3.9,0.0,71.9,3.2,0.0,0.2,0.0,4014872,1200035,1200006,1200024,1200007,4032149,4018611,4024782,1717429,2947547,2480824,2394628,1691592,4011652,1200010,1625808
248,1674291984.836, 197.51, 1980, 9251, 58, 49, 25, NVIDIA GeForce RTX 3080 Ti,1674291984.791306,20.9,3.9,0.0,71.9,3.2,0.0,0.2,0.0,1200002,3999977,1200008,1200009,1200008,4031848,1200025,1200044,1200029,4032994,1200017,1200041,2986827,4013090,3999988,2650405
249,1674291986.236, 196.21, 1980, 9251, 59, 21, 4, NVIDIA GeForce RTX 3080 Ti,1674291986.1953397,20.9,3.9,0.0,71.9,3.2,0.0,0.2,0.0,2947963,4000000,1200120,4029276,1200020,4018767,1200013,1961287,1200021,4024536,1200032,4008529,1453202,3999999,1200359,1200014
250,1674291987.645, 181.90, 1965, 9251, 60, 22, 4, NVIDIA GeForce RTX 3080 Ti,1674291987.6033375,20.9,3.9,0.0,71.9,3.2,0.0,0.2,0.0,2161805,4000035,1200028,4021137,1200054,4000000,1200046,1200032,1200064,3996992,1200014,4030502,4028974,4048397,1200062,1213251
251,1674291989.058, 180.90, 1980, 9251, 58, 20, 4, NVIDIA GeForce RTX 3080 Ti,1674291989.0153658,20.9,3.9,0.0,71.9,3.2,0.0,0.2,0.0,1199993,1200032,3999999,3363818,1200020,4009138,1200006,4008927,1200006,4010518,4000029,1400705,1200099,4022201,1888481,1200056
252,1674291990.453, 181.28, 1980, 9251, 58, 21, 4, NVIDIA GeForce RTX 3080 Ti,1674291990.4232564,20.9,3.9,0.0,71.9,3.2,0.0,0.2,0.0,4001526,1200030,1200008,1200097,4018793,4007337,1200013,1729565,4026766,4021348,1200011,1601784,1200019,3999996,1200075,1200000
253,1674291991.851, 193.37, 1965, 9251, 60, 52, 28, NVIDIA GeForce RTX 3080 Ti,1674291991.8112135,20.9,3.9,0.0,71.9,3.2,0.0,0.2,0.0,1740021,4032562,1200006,1200125,1200015,4010908,1200019,1277569,3999614,4020435,1200029,1701945,1200010,4003987,1200004,1200004
254,1674291993.238, 181.88, 1980, 9251, 58, 20, 4, NVIDIA GeForce RTX 3080 Ti,1674291993.1954422,20.9,3.9,0.0,71.9,3.2,0.0,0.2,0.0,1199983,4000018,1235550,1200032,1200146,4011283,1200005,1200019,4020901,4016995,1200035,1200006,1200008,4002462,1200012,1200035
255,1674291994.625, 182.20, 1980, 9251, 58, 22, 4, NVIDIA GeForce RTX 3080 Ti,1674291994.5834448,20.9,3.9,0.0,71.9,3.2,0.0,0.2,0.0,1200007,4064018,1200037,1200019,2441149,4041625,3999990,2251354,1200011,4012725,1200025,1200009,1865513,4000293,1200006,3257356
256,1674291996.033, 197.15, 1980, 9251, 58, 27, 8, NVIDIA GeForce RTX 3080 Ti,1674291995.9913697,20.9,3.9,0.0,71.9,3.2,0.0,0.2,0.0,1200030,4000084,1200010,4000145,4022323,4020720,1200000,2885181,1200056,1200005,1200024,4016337,2339275,4000003,1814723,4048171
257,1674291997.413, 198.66, 1980, 9251, 58, 39, 17, NVIDIA GeForce RTX 3080 Ti,1674291997.3713322,20.9,3.9,0.0,71.9,3.2,0.0,0.2,0.0,1200009,1200050,1200009,4018717,1200032,4013441,2288845,2603413,2101355,1200006,4022294,1596176,1200026,4004119,4010529,1231160
258,1674291998.82, 197.70, 1980, 9251, 58, 60, 34, NVIDIA GeForce RTX 3080 Ti,1674291998.7794056,20.9,3.9,0.0,71.9,3.2,0.0,0.2,0.0,1200046,1200089,1200014,4025696,1971706,4036762,1200018,4007719,1200061,1720935,1493314,2608972,4019785,4003697,1200001,4004171
259,1674292000.217, 198.19, 1980, 9251, 58, 57, 33, NVIDIA GeForce RTX 3080 Ti,1674292000.1753147,20.9,3.9,0.0,71.9,3.2,0.0,0.2,0.0,1718605,1200084,1200020,1200029,1993755,4016753,4000007,4016020,1200070,2391079,1199990,1200013,1219313,4000610,4037390,3999941
260,1674292001.614, 187.67, 1905, 9251, 61, 19, 4, NVIDIA GeForce RTX 3080 Ti,1674292001.5753143,20.9,3.9,0.0,71.9,3.2,0.0,0.2,0.0,1666983,1200004,4016231,1200024,1200035,4007547,1200008,4013792,1643525,1200239,4000461,1785752,1200005,4014234,1299376,4003448
261,1674292003.017, 181.44, 1980, 9251, 58, 21, 4, NVIDIA GeForce RTX 3080 Ti,1674292002.9753985,20.9,3.9,0.0,71.9,3.2,0.0,0.2,0.0,1200012,3999958,1200001,1200013,1200042,4013571,1199998,4003481,2015824,4002816,1200054,1516782,1200011,4004215,1836965,4015283
262,1674292004.404, 182.22, 1980, 9251, 58, 19, 4, NVIDIA GeForce RTX 3080 Ti,1674292004.3633513,20.9,3.9,0.0,71.9,3.2,0.0,0.2,0.0,1200072,1200029,1202106,1561072,1200006,4018764,1200008,4000912,1200050,1205442,1200009,4010090,1200014,4047220,1201364,2352055
263,1674292005.779, 184.60, 1980, 9251, 58, 25, 7, NVIDIA GeForce RTX 3080 Ti,1674292005.7392766,20.9,3.9,0.0,71.9,3.2,0.0,0.2,0.0,1922591,4013974,1200020,1200023,4031579,4020813,1200001,1604489,1200140,4000001,1200031,2815043,3399555,4021968,4002977,1934402
264,1674292007.18, 197.88, 1980, 9251, 59, 54, 30, NVIDIA GeForce RTX 3080 Ti,1674292007.1392837,20.9,3.9,0.0,71.9,3.2,0.0,0.2,0.0,4002480,1200036,1471023,4027101,1200002,4012988,1199984,1200003,1199965,1600337,4009209,4004877,2299673,4034692,1200023,1200019
265,1674292008.559, 198.84, 1965, 9251, 60, 26, 7, NVIDIA GeForce RTX 3080 Ti,1674292008.5154207,20.9,3.9,0.0,71.9,3.2,0.0,0.2,0.0,1217124,1200030,1200035,4016102,4000002,4025541,1200005,1200033,1720794,1200000,1200029,4022159,1925740,4000000,2079370,1200058
266,1674292009.977, 181.67, 1980, 9251, 58, 20, 4, NVIDIA GeForce RTX 3080 Ti,1674292009.939349,20.9,3.9,0.0,71.9,3.2,0.0,0.2,0.0,1209565,1199999,4008187,1200016,1200054,4015797,4044829,1200068,1200016,1199991,4014788,1200080,1200038,4000726,1209685,1200008
267,1674292011.385, 180.71, 1980, 9251, 58, 21, 4, NVIDIA GeForce RTX 3080 Ti,1674292011.3434212,20.9,3.9,0.0,71.9,3.2,0.0,0.2,0.0,4032061,1200005,1200109,1200012,3999994,4002564,1208329,3892076,4021499,4006311,1200016,1200007,1200046,4001436,1745367,1200038
268,1674292012.79, 184.38, 1980, 9251, 58, 35, 15, NVIDIA GeForce RTX 3080 Ti,1674292012.7475271,20.9,3.9,0.0,71.9,3.2,0.0,0.2,0.0,4020861,4008789,1200009,1200010,1200020,4022473,1200031,1199998,2406662,4008547,3372591,1199999,1200091,4008183,1256528,1390589
269,1674292014.185, 198.37, 1980, 9251, 59, 42, 22, NVIDIA GeForce RTX 3080 Ti,1674292014.1434195,20.9,3.9,0.0,71.9,3.2,0.0,0.2,0.0,1200004,3999867,1675686,2064605,1200006,4002367,1200031,2068527,1200045,4015651,4005391,1200014,1200006,4007348,4013278,1200037
270,1674292015.593, 193.57, 1965, 9251, 61, 20, 4, NVIDIA GeForce RTX 3080 Ti,1674292015.551366,20.9,3.9,0.0,71.9,3.2,0.0,0.2,0.0,3999963,1200050,4000007,1199996,1200009,4007963,1200024,1200004,4014234,1200003,1767454,4022325,1200132,4000005,1218515,1200022
271,1674292016.996, 182.41, 1980, 9251, 58, 20, 4, NVIDIA GeForce RTX 3080 Ti,1674292016.9551244,20.9,3.9,0.0,71.9,3.2,0.0,0.2,0.0,4000046,2162025,1200022,3999977,1200079,4016507,1505551,1200085,4026628,1200024,1847136,1200039,2361539,4059368,4024786,1200000
272,1674292018.403, 182.95, 1980, 9251, 58, 22, 4, NVIDIA GeForce RTX 3080 Ti,1674292018.363278,20.9,3.9,0.0,71.9,3.2,0.0,0.2,0.0,1200009,2851961,1814115,4000042,1203386,4015351,1213436,2146830,1200011,1200015,4005790,4000418,1200011,3999862,2169371,1200031
273,1674292019.796, 181.89, 1980, 9251, 58, 21, 4, NVIDIA GeForce RTX 3080 Ti,1674292019.7553167,20.9,3.9,0.0,71.9,3.2,0.0,0.2,0.0,1200043,1665093,1268271,1421920,1199997,4000000,1200006,4008081,4020710,1200214,1200025,1200022,1200015,4008007,1200086,3999986
274,1674292021.185, 181.81, 1980, 9251, 58, 21, 4, NVIDIA GeForce RTX 3080 Ti,1674292021.143548,20.9,3.9,0.0,71.9,3.2,0.0,0.2,0.0,2322314,1501706,1200040,1200031,4000057,4013178,1200038,1790537,1200020,3980980,1872765,3999905,4003628,4025327,1200008,2102415
275,1674292022.57, 197.16, 1980, 9251, 58, 60, 34, NVIDIA GeForce RTX 3080 Ti,1674292022.5273683,20.9,3.9,0.0,71.9,3.2,0.0,0.2,0.0,1200047,1200008,1200209,1200028,4016396,4005705,1200012,1200016,1200069,1200093,1200007,1200042,4040655,3999989,1200039,1200039
276,1674292023.973, 198.06, 1980, 9251, 59, 59, 33, NVIDIA GeForce RTX 3080 Ti,1674292023.9313247,20.9,3.9,0.0,71.9,3.2,0.0,0.2,0.0,4023511,1200039,2027035,1200034,1200024,4021629,4044576,1200483,1200027,1200049,1827956,4000001,1200025,4001257,1200013,1200007
277,1674292025.345, 195.56, 1935, 9251, 61, 19, 4, NVIDIA GeForce RTX 3080 Ti,1674292025.307144,20.9,3.9,0.0,71.9,3.2,0.0,0.2,0.0,2456600,1200011,1200017,1200012,2396042,4039765,4011357,1200079,1199988,1200040,1200049,1216465,1200015,4000292,3997797,4000001
278,1674292026.745, 181.67, 1980, 9251, 58, 20, 4, NVIDIA GeForce RTX 3080 Ti,1674292026.7033782,20.9,3.9,0.0,71.9,3.2,0.0,0.2,0.0,1200012,4000021,3659894,4000072,1200007,4036533,1199996,1200051,1200002,4006205,1200012,4004308,4041382,4007169,1200015,1200042
279,1674292028.139, 182.07, 1980, 9251, 58, 21, 4, NVIDIA GeForce RTX 3080 Ti,1674292028.0992205,20.9,3.9,0.0,71.9,3.2,0.0,0.2,0.0,1200059,1200040,1200015,4012599,3016927,4000000,4000032,1200011,2050125,2282299,1200072,4017359,1200028,4023688,1200063,4017109
280,1674292029.545, 182.60, 1980, 9251, 58, 21, 4, NVIDIA GeForce RTX 3080 Ti,1674292029.5034273,20.9,3.9,0.0,71.9,3.2,0.0,0.2,0.0,4013419,1200051,1200021,3999848,1200028,4038087,1898542,2068324,3999968,1200042,1200006,4015658,1200116,3999991,2083865,1689762
281,1674292030.937, 198.79, 1980, 9251, 59, 61, 34, NVIDIA GeForce RTX 3080 Ti,1674292030.8953032,20.9,3.9,0.0,71.9,3.2,0.0,0.2,0.0,1203919,1200030,1200063,3999991,1200014,4023641,4030937,1200015,1200022,1588689,1200059,4000000,1200005,4009144,1200004,1200027
282,1674292032.329, 181.63, 1980, 9251, 58, 20, 4, NVIDIA GeForce RTX 3080 Ti,1674292032.287532,20.9,3.9,0.0,71.9,3.2,0.0,0.2,0.0,1200003,1922247,1200023,4001470,1200019,4010006,4000013,1200474,1200013,4022917,1200008,3661460,1200064,4000355,4029711,1200010
283,1674292033.719, 181.74, 1980, 9251, 58, 21, 4, NVIDIA GeForce RTX 3080 Ti,1674292033.6793458,20.9,3.9,0.0,71.9,3.2,0.0,0.2,0.0,1200002,1200024,1200073,1200003,1200052,4000001,4000018,1639810,4000778,1200045,1200020,3999955,1200069,3999531,1791289,1200019
284,1674292035.117, 198.63, 1980, 9251, 58, 61, 34, NVIDIA GeForce RTX 3080 Ti,1674292035.0753796,20.9,3.9,0.0,71.9,3.2,0.0,0.2,0.0,1199993,1494712,4014023,4031925,1743915,4003315,2133786,1200102,1199921,1200499,1200017,4000006,1200038,4001306,1200038,2402499
285,1674292036.508, 182.31, 1965, 9251, 60, 23, 5, NVIDIA GeForce RTX 3080 Ti,1674292036.4671152,20.9,3.9,0.0,71.9,3.2,0.0,0.2,0.0,2318360,4002780,1200055,4014424,4010325,4027715,1200016,1200051,1538540,1200000,1745859,4000021,1200029,4012513,2411299,4001111
286,1674292037.909, 182.21, 1980, 9251, 58, 20, 4, NVIDIA GeForce RTX 3080 Ti,1674292037.8675747,20.9,3.9,0.0,71.9,3.2,0.0,0.2,0.0,1200045,3999950,1200044,1200004,3328128,4028834,1200008,2833741,1358109,4002414,1948749,1613733,1200010,4001550,4021799,1199995
287,1674292039.284, 189.33, 1980, 9251, 58, 19, 4, NVIDIA GeForce RTX 3080 Ti,1674292039.2434592,20.9,3.9,0.0,71.9,3.2,0.0,0.2,0.0,3409547,4007689,1200031,1200008,1200011,4015350,1200021,2922588,1200016,4023391,1501358,1201006,1200002,4000411,4035687,1200008
288,1674292040.698, 198.63, 1980, 9251, 58, 29, 9, NVIDIA GeForce RTX 3080 Ti,1674292040.655316,20.9,3.9,0.0,71.9,3.2,0.0,0.2,0.0,4027750,1200015,4017502,1200163,1791631,4023457,2064836,1200119,1200030,3831903,4005384,1200016,1200005,4010407,1200004,1200023
289,1674292042.093, 181.44, 1980, 9251, 58, 20, 4, NVIDIA GeForce RTX 3080 Ti,1674292042.051393,20.9,3.9,0.0,71.9,3.2,0.0,0.2,0.0,1200038,1200009,3999983,1773579,1200048,4001333,4021144,1200022,1200004,2540585,4016250,1200141,1200175,4035890,1202633,1199999
290,1674292043.493, 189.19, 1980, 9251, 58, 31, 10, NVIDIA GeForce RTX 3080 Ti,1674292043.4513397,20.9,3.9,0.0,71.9,3.2,0.0,0.2,0.0,1200002,1200018,4000024,4000120,1200079,4017838,1200009,1200019,1200010,1200018,4001868,1200478,4025116,4016176,1581154,1200057
291,1674292044.899, 182.07, 1965, 9251, 60, 24, 4, NVIDIA GeForce RTX 3080 Ti,1674292044.8553333,20.9,3.9,0.0,71.9,3.2,0.0,0.2,0.0,1765460,4005239,4036906,1200017,1877665,4006945,1200062,1898292,1200054,3854036,4006643,1200003,2094781,4012779,1200008,1200074
292,1674292046.298, 181.68, 1965, 9251, 60, 20, 4, NVIDIA GeForce RTX 3080 Ti,1674292046.255401,20.9,3.9,0.0,71.9,3.2,0.0,0.2,0.0,3799136,4000058,4052287,2318487,3999983,4003578,1200016,4000009,1734586,1200006,1200001,1200039,4026870,4015080,1200031,4001649
293,1674292047.713, 182.20, 1980, 9251, 58, 20, 4, NVIDIA GeForce RTX 3080 Ti,1674292047.6714332,20.9,3.9,0.0,71.9,3.2,0.0,0.2,0.0,4012923,1831652,1495170,1200048,4012584,4030691,1200002,2186840,1199991,1200007,4029090,1200091,4034532,4004161,1200021,1200012
294,1674292049.074, 181.40, 1980, 9251, 58, 20, 4, NVIDIA GeForce RTX 3080 Ti,1674292049.031344,20.9,3.9,0.0,71.9,3.2,0.0,0.2,0.0,2549225,1200038,4017582,1200064,3999954,4018710,1200035,1200000,1199996,1200039,1439894,1524564,4010814,4000574,2082135,4000000
295,1674292050.484, 198.95, 1980, 9251, 58, 61, 34, NVIDIA GeForce RTX 3080 Ti,1674292050.4433415,20.9,3.9,0.0,71.9,3.2,0.0,0.2,0.0,1769694,1200033,4000101,2194016,3999944,4035936,2257378,1200008,1200033,1200072,2057130,1975507,4024382,4001452,1200027,1200013
296,1674292051.885, 183.00, 1950, 9251, 60, 26, 7, NVIDIA GeForce RTX 3080 Ti,1674292051.8433015,20.9,3.9,0.0,71.9,3.2,0.0,0.2,0.0,2998396,1200039,3999668,4030371,3577764,4041488,1200009,4054174,1200006,2321270,1811261,4001921,1200006,4000071,1816021,4000349
297,1674292053.278, 181.75, 1980, 9251, 58, 20, 4, NVIDIA GeForce RTX 3080 Ti,1674292053.2353065,20.9,3.9,0.0,71.9,3.2,0.0,0.2,0.0,1200006,1200015,2198264,4015515,4006457,4022780,3130868,1199908,3256250,1357613,1200008,1200000,4031595,4000309,1200041,2999592
298,1674292054.686, 182.56, 1980, 9251, 58, 20, 4, NVIDIA GeForce RTX 3080 Ti,1674292054.6432316,20.9,3.9,0.0,71.9,3.2,0.0,0.2,0.0,2469993,1200015,4009542,1200069,4032654,4031615,1200011,1889061,1200001,1200013,1200000,4002816,4017888,4054346,1941652,1200059
299,1674292056.088, 197.25, 1980, 9251, 58, 31, 12, NVIDIA GeForce RTX 3080 Ti,1674292056.0472867,20.9,3.9,0.0,71.9,3.2,0.0,0.2,0.0,4000791,1199974,2163623,1304257,3997887,4030885,1200024,4042929,4028255,2414216,1200011,1200020,4026369,4007208,1200004,4004233
300,1674292057.466, 198.05, 1980, 9251, 59, 61, 34, NVIDIA GeForce RTX 3080 Ti,1674292057.4312458,20.9,3.9,0.0,71.9,3.2,0.0,0.2,0.0,3300859,2924122,4010314,1230301,2584019,4001471,1440734,1200036,1199992,1200022,3999922,4032177,1200104,4000004,1200004,1200015
301,1674292058.858, 181.39, 1980, 9251, 59, 20, 4, NVIDIA GeForce RTX 3080 Ti,1674292058.815439,20.9,3.9,0.0,71.9,3.1,0.0,0.2,0.0,1311469,1200023,1200057,1200039,3922301,4000000,1200012,2283445,1820967,4032097,4000003,1200063,1200074,4004300,1200348,1200020
302,1674292060.247, 182.05, 1980, 9251, 58, 18, 4, NVIDIA GeForce RTX 3080 Ti,1674292060.2073195,20.9,3.9,0.0,71.9,3.1,0.0,0.2,0.0,1200013,2616149,3999962,1200036,1200008,4005902,1200007,1199019,1199977,3999994,4000000,1200013,1200015,3999993,3996633,2835716
303,1674292061.629, 181.74, 1980, 9251, 58, 20, 4, NVIDIA GeForce RTX 3080 Ti,1674292061.5873399,20.9,3.9,0.0,71.9,3.1,0.0,0.2,0.0,1813143,1543920,1200004,4030154,1200005,4002472,1200049,4011784,1200007,1721824,1200012,1200093,1200006,4001233,4000013,4000007
304,1674292063.016, 198.67, 1980, 9251, 58, 61, 34, NVIDIA GeForce RTX 3080 Ti,1674292062.975336,20.9,3.9,0.0,71.9,3.1,0.0,0.2,0.0,1210760,1200024,1200175,4000003,1200025,4003912,1200039,1200122,1200006,4000005,3999026,4037577,1200028,4052698,2105725,1200005
305,1674292064.434, 199.22, 1980, 9251, 59, 40, 17, NVIDIA GeForce RTX 3080 Ti,1674292064.3913808,20.9,3.9,0.0,71.9,3.1,0.0,0.2,0.0,2093339,1200028,1200009,4000006,4003235,4010007,1983808,1200045,1200027,1200019,1889126,4008955,4007796,4002350,1733864,1273946
306,1674292065.812, 181.44, 1965, 9251, 59, 19, 4, NVIDIA GeForce RTX 3080 Ti,1674292065.7713206,20.9,3.9,0.0,71.9,3.1,0.0,0.2,0.0,1532674,1681813,1200033,3999993,1200013,4036458,4020477,2497282,1200007,1201773,1200142,4014677,4033410,3999999,2151159,2286127
307,1674292067.214, 180.59, 1980, 9251, 58, 22, 4, NVIDIA GeForce RTX 3080 Ti,1674292067.1713665,20.9,3.9,0.0,71.9,3.1,0.0,0.2,0.0,1200107,1824195,4000003,1200021,4000000,4004097,1200028,1200015,4018360,1200030,1199998,1200015,4001383,4010078,1200059,1200000
308,1674292068.617, 198.27, 1980, 9251, 58, 62, 34, NVIDIA GeForce RTX 3080 Ti,1674292068.575312,20.9,3.9,0.0,71.9,3.1,0.0,0.2,0.0,1200080,2273108,1200000,4006417,1889054,4017117,1200011,1200022,1200015,1199993,3999993,4019771,1200008,4049279,1199991,1200042
309,1674292070.021, 189.90, 1980, 9251, 59, 19, 4, NVIDIA GeForce RTX 3080 Ti,1674292069.9793854,20.9,3.9,0.0,71.9,3.1,0.0,0.2,0.0,1235467,1200033,4007761,1200026,3079145,4026669,1200007,1200029,4028127,1200178,4000027,1200008,1200007,4006802,1884712,1200005
310,1674292071.393, 181.61, 1980, 9251, 58, 20, 4, NVIDIA GeForce RTX 3080 Ti,1674292071.3513222,20.9,3.9,0.0,71.9,3.1,0.0,0.2,0.0,2274833,1213280,4033623,1974264,1199999,3999999,1200006,1200059,1200014,3298426,4018300,3999965,1200046,4012549,1226830,1200050
311,1674292072.799, 181.93, 1980, 9251, 58, 21, 4, NVIDIA GeForce RTX 3080 Ti,1674292072.7553318,20.9,3.9,0.0,71.9,3.1,0.0,0.2,0.0,1200008,1200048,1200007,4033621,1200024,4010367,3999979,1748624,1199984,1553200,2348295,3999961,1200004,4009612,1996771,1200093
312,1674292074.185, 198.65, 1980, 9251, 58, 62, 34, NVIDIA GeForce RTX 3080 Ti,1674292074.1433747,20.9,3.9,0.0,71.9,3.1,0.0,0.2,0.0,1200008,2489405,1200050,4011668,1873972,4026498,2023524,1200020,4003549,1818156,4009934,1200007,4000024,4001892,1906403,1200067
313,1674292075.585, 198.11, 1980, 9251, 59, 28, 10, NVIDIA GeForce RTX 3080 Ti,1674292075.5433557,20.9,3.9,0.0,71.9,3.1,0.0,0.2,0.0,1255888,2384403,1200015,4024586,4020864,4027100,1777985,1199991,2309680,1200000,1200058,3999808,3999999,3999988,1317984,1199993
314,1674292076.99, 182.17, 1980, 9251, 58, 19, 3, NVIDIA GeForce RTX 3080 Ti,1674292076.951241,20.9,3.9,0.0,71.9,3.1,0.0,0.2,0.0,1200064,1200045,1200054,2022929,4019290,4025310,1200024,4025507,1200006,1200091,1200024,1199998,1200142,4019335,1200030,4001314
315,1674292078.389, 186.63, 1980, 9251, 58, 55, 30, NVIDIA GeForce RTX 3080 Ti,1674292078.347311,20.9,3.9,0.0,71.9,3.1,0.0,0.2,0.0,1200010,1204919,4000038,4018037,1200005,4028861,1506786,1200012,1229075,2529904,4015186,4001994,1674702,4011578,1200007,1200028
316,1674292079.798, 197.46, 1980, 9251, 58, 57, 31, NVIDIA GeForce RTX 3080 Ti,1674292079.755415,20.9,3.9,0.0,71.9,3.1,0.0,0.2,0.0,2088049,1200012,1200013,4006051,1200011,4012605,4004687,3985925,1200064,1200006,1200006,3999950,4033006,4015797,1200052,1200023
317,1674292081.187, 190.24, 1965, 9251, 60, 19, 4, NVIDIA GeForce RTX 3080 Ti,1674292081.1432624,20.9,3.9,0.0,71.9,3.1,0.0,0.2,0.0,1200114,1326994,4000802,1200086,4006029,4000000,1200009,1823819,1200001,1200007,3982197,3909441,4000935,4000031,1200061,1206920
318,1674292082.589, 165.38, 1980, 9251, 57, 20, 4, NVIDIA GeForce RTX 3080 Ti,1674292082.5472896,20.9,3.9,0.0,71.9,3.1,0.0,0.2,0.0,2195057,1200077,1200119,1199952,4022747,4029364,2136547,1200013,1207978,1200028,2261091,1200104,4033702,4004942,1200071,1200010
319,1674292083.997, 153.32, 1965, 9251, 57, 43, 19, NVIDIA GeForce RTX 3080 Ti,1674292083.955386,20.9,3.9,0.0,71.9,3.1,0.0,0.2,0.0,1200000,1800502,1200018,1518813,1200001,4018213,1200010,4025568,4024635,1200046,1912852,1245483,1200005,4022286,1791729,4060241
320,1674292085.397, 158.39, 1965, 9251, 57, 20, 4, NVIDIA GeForce RTX 3080 Ti,1674292085.3553188,20.9,3.9,0.0,71.9,3.1,0.0,0.2,0.0,2015058,4002819,1200076,1200000,1200015,4028015,1200055,1200013,3588413,2076408,1200002,1463023,1200047,4012518,1800386,1200016
321,1674292086.806, 129.63, 1710, 9251, 56, 22, 4, NVIDIA GeForce RTX 3080 Ti,1674292086.7634208,20.9,3.9,0.0,71.9,3.1,0.0,0.2,0.0,1200010,1715379,1200011,4017439,1340963,4012963,1200010,1200004,1771869,1200056,1200048,3999979,1199970,4002158,1200009,1200043
322,1674292088.209, 128.85, 1710, 9251, 55, 22, 4, NVIDIA GeForce RTX 3080 Ti,1674292088.1673625,20.9,3.9,0.0,71.9,3.1,0.0,0.2,0.0,1200012,1200199,1200029,4051910,1200024,4023525,1200015,1199999,1200005,1538649,1200022,4000030,1200025,4084141,2007523,1200036
323,1674292089.617, 157.74, 1980, 9251, 57, 20, 4, NVIDIA GeForce RTX 3080 Ti,1674292089.5753965,20.9,3.9,0.0,71.9,3.1,0.0,0.2,0.0,2209416,3919133,1579857,4035668,1200046,4031891,1200056,1200133,1200007,1200002,1763816,3999995,1200056,4038520,2397643,1200077
324,1674292091.025, 158.16, 1710, 9251, 56, 21, 3, NVIDIA GeForce RTX 3080 Ti,1674292090.9833052,20.9,3.9,0.0,71.9,3.1,0.0,0.2,0.0,2026025,1200036,1962717,4055578,1200046,4070319,1200022,3168355,1200028,1200033,1200009,1420225,4000077,4047780,1199996,1200001
325,1674292092.425, 127.94, 1710, 9251, 55, 22, 4, NVIDIA GeForce RTX 3080 Ti,1674292092.3833823,20.9,3.9,0.0,71.9,3.1,0.0,0.2,0.0,1200001,1200012,1200034,1203239,4027189,4033548,1532566,1200025,1200010,1267595,1206851,1830825,3999666,4007371,1200003,1200042
326,1674292093.837, 146.73, 1980, 9251, 57, 34, 13, NVIDIA GeForce RTX 3080 Ti,1674292093.79543,20.9,3.9,0.0,71.9,3.1,0.0,0.2,0.0,1355970,1200060,1276641,1200039,1200001,4006044,1200026,4050195,1200015,1200083,1681093,1200100,1200017,4049957,1902021,3999991
327,1674292095.24, 164.56, 1980, 9251, 56, 20, 4, NVIDIA GeForce RTX 3080 Ti,1674292095.1992989,20.9,3.9,0.0,71.9,3.1,0.0,0.2,0.0,1200004,1214015,1200042,1201322,1200018,4029750,1509687,4002480,1200000,2205237,1200225,1200014,1200006,4003509,1927055,4000196
328,1674292096.641, 128.03, 1710, 9251, 55, 21, 4, NVIDIA GeForce RTX 3080 Ti,1674292096.5993814,20.9,3.9,0.0,71.9,3.1,0.0,0.2,0.0,4035474,1505707,1199995,1200002,1200020,4031163,1200032,1200085,4062946,1460103,1199999,1200069,1200018,3999988,1200067,1512818
329,1674292098.045, 128.57, 1710, 9251, 55, 22, 4, NVIDIA GeForce RTX 3080 Ti,1674292098.0033174,20.9,3.9,0.0,71.9,3.1,0.0,0.2,0.0,4000011,1698864,1200214,1520672,1200040,4101350,1200016,2026985,4082260,1200036,1200027,1292079,1200016,4010585,1200012,1564448
330,1674292099.437, 166.43, 1980, 9251, 56, 19, 4, NVIDIA GeForce RTX 3080 Ti,1674292099.3954608,20.9,3.9,0.0,71.9,3.1,0.0,0.2,0.0,1200039,4000028,1200042,1200012,1200014,4025550,1200012,1899575,1200658,4008506,1200107,1200021,1217161,4015456,1200065,1671339
331,1674292100.853, 151.58, 1710, 9251, 55, 22, 4, NVIDIA GeForce RTX 3080 Ti,1674292100.8113122,20.9,3.9,0.0,71.9,3.1,0.0,0.2,0.0,1221542,3999995,1200012,1200216,1238307,4037819,1200024,1200011,1514888,4034100,1200225,1789042,1200005,4002055,1200003,1200004
332,1674292102.252, 128.56, 1710, 9251, 55, 25, 4, NVIDIA GeForce RTX 3080 Ti,1674292102.2114444,20.9,3.9,0.0,71.9,3.1,0.0,0.2,0.0,1725119,4019627,1200107,1788201,1200013,4014832,1200007,1200030,1201235,4025639,1200036,1200018,1200009,4000067,1199988,1200026
333,1674292103.661, 128.65, 1710, 9251, 55, 23, 4, NVIDIA GeForce RTX 3080 Ti,1674292103.6194174,20.9,3.9,0.0,71.9,3.1,0.0,0.2,0.0,1422484,3999892,1200009,1199995,1200037,4017555,1200040,1200039,1200006,4081980,1924325,1214528,1200058,4018929,1200052,1574196
334,1674292105.059, 128.19, 1710, 9251, 54, 23, 4, NVIDIA GeForce RTX 3080 Ti,1674292105.015264,20.9,3.9,0.0,71.9,3.1,0.0,0.2,0.0,1200031,3999987,1200113,1200001,1200021,4016849,1200006,1199971,1200024,1708642,4007056,1199985,1200040,4072759,1200026,1974781
335,1674292106.47, 164.50, 1980, 9251, 56, 20, 4, NVIDIA GeForce RTX 3080 Ti,1674292106.4273484,20.9,3.9,0.0,71.9,3.2,0.0,0.2,0.0,1746496,1200042,4020648,1200001,1199999,4005250,1619692,2214369,1199999,1554568,4014255,1200146,1200009,4014959,1768764,1280931
336,1674292107.878, 138.85, 1710, 9251, 54, 23, 4, NVIDIA GeForce RTX 3080 Ti,1674292107.8352437,20.9,3.9,0.0,71.9,3.2,0.0,0.2,0.0,1509147,1200055,4036784,1200077,1200010,4030225,1199999,1760883,1272998,2298476,4000016,1200048,1201190,4002249,1200372,2002360
337,1674292109.259, 127.71, 1710, 9251, 54, 22, 4, NVIDIA GeForce RTX 3080 Ti,1674292109.2193244,20.9,3.9,0.0,71.9,3.2,0.0,0.2,0.0,1273046,1970425,1202560,4062987,1200031,4045773,1200008,4010591,1200006,1200005,1200048,1245023,1200020,4000323,1255892,4000005
338,1674292110.677, 137.14, 1980, 9251, 56, 55, 28, NVIDIA GeForce RTX 3080 Ti,1674292110.6353793,20.9,3.9,0.0,71.9,3.2,0.0,0.2,0.0,1206778,1200139,1200003,1200106,1200117,4010128,1552011,4063924,1200001,1200027,1200035,1200050,1200047,4000169,2230055,4000141
339,1674292112.097, 164.11, 1980, 9251, 56, 21, 4, NVIDIA GeForce RTX 3080 Ti,1674292112.0553992,20.9,3.9,0.0,71.9,3.2,0.0,0.2,0.0,1863790,1499488,1200036,1200013,1273693,4066407,1200018,4022682,1200260,1306409,1579867,1200031,1200025,4022297,1200003,4002331
340,1674292113.481, 131.67, 1710, 9251, 54, 22, 4, NVIDIA GeForce RTX 3080 Ti,1674292113.4393952,20.9,3.9,0.0,71.9,3.2,0.0,0.2,0.0,1780984,1648693,3999994,1200016,1200019,4011292,1199998,1200007,1200002,1828080,4017045,1472733,1200025,4018123,1200019,1455823
341,1674292114.881, 128.69, 1710, 9251, 54, 23, 4, NVIDIA GeForce RTX 3080 Ti,1674292114.839427,20.9,3.9,0.0,71.9,3.2,0.0,0.2,0.0,1200132,1200004,3999989,1200061,1200033,4031565,1200003,1200127,1199991,1199884,4027726,1821165,1360310,4008310,1200016,1200061
342,1674292116.294, 141.29, 1980, 9251, 55, 65, 34, NVIDIA GeForce RTX 3080 Ti,1674292116.2513506,20.9,3.9,0.0,71.9,3.2,0.0,0.2,0.0,1200038,1200002,4000019,1735410,1200013,4019431,1200008,1200023,1200061,1200096,4003683,3743119,3372490,3999420,1200032,1551798
343,1674292117.693, 164.47, 1980, 9251, 55, 21, 4, NVIDIA GeForce RTX 3080 Ti,1674292117.6513405,20.9,3.9,0.0,71.9,3.2,0.0,0.2,0.0,1200085,1329342,3999926,2057724,1200021,4004581,1200030,1200008,1200003,1200022,4019524,1318252,1200006,4049507,1200002,2218925
344,1674292119.096, 131.98, 1710, 9251, 54, 22, 4, NVIDIA GeForce RTX 3080 Ti,1674292119.0512576,20.9,3.9,0.0,71.9,3.2,0.0,0.2,0.0,1200014,1200027,4000043,1435932,1200018,4039108,2115179,1200022,1506759,1200085,4029216,1196079,1200014,4009065,1200006,1200097
345,1674292120.483, 127.65, 1710, 9251, 54, 22, 4, NVIDIA GeForce RTX 3080 Ti,1674292120.4431975,20.9,3.9,0.0,71.9,3.2,0.0,0.2,0.0,4027729,1200047,1200008,1921483,1200038,4009142,1394353,1423170,4000013,1200046,1200029,2153529,1200056,4000388,1200016,1199999
346,1674292121.877, 127.76, 1710, 9251, 54, 23, 4, NVIDIA GeForce RTX 3080 Ti,1674292121.8353474,20.9,3.9,0.0,71.9,3.2,0.0,0.2,0.0,4000000,1200014,2075941,1200030,1200019,4017686,1200021,1685036,4000047,1200001,1642365,1200079,1200038,4006639,1241099,1200028
347,1674292123.285, 163.94, 1980, 9251, 55, 21, 4, NVIDIA GeForce RTX 3080 Ti,1674292123.243283,20.9,3.9,0.0,71.9,3.2,0.0,0.2,0.0,4015549,1613647,1200008,1200031,1200009,4023669,1200012,1200851,3999981,1200017,4133014,1200154,1199998,4002784,1200061,1200011
348,1674292124.692, 137.70, 1710, 9251, 54, 22, 4, NVIDIA GeForce RTX 3080 Ti,1674292124.6514416,20.9,3.9,0.0,71.9,3.2,0.0,0.2,0.0,2507757,4027152,1200005,1200069,1200005,4013603,1200027,1200006,1199999,4031046,1200032,1200460,1200029,4000172,1200030,1200007
349,1674292126.093, 128.54, 1710, 9251, 54, 23, 4, NVIDIA GeForce RTX 3080 Ti,1674292126.051321,20.9,3.9,0.0,71.9,3.2,0.0,0.2,0.0,2855426,1200031,1204493,4001368,1200043,4012869,1200015,1671683,1200006,2171050,1200029,4048696,1200045,4019984,1200021,1516895
350,1674292127.506, 155.49, 1980, 9251, 55, 21, 4, NVIDIA GeForce RTX 3080 Ti,1674292127.4633114,20.9,3.9,0.0,71.9,3.2,0.0,0.2,0.0,1200021,1448494,1200036,4000043,1200037,4038403,1207477,1200056,1542745,1200022,1200013,4009335,1200068,3999998,1200003,1200028
351,1674292128.917, 159.81, 1710, 9251, 54, 20, 4, NVIDIA GeForce RTX 3080 Ti,1674292128.875387,20.9,3.9,0.0,71.9,3.2,0.0,0.2,0.0,1200047,1630699,1200022,1796314,4008017,4015191,1200003,1200049,1200059,1207642,1200021,1296900,4018323,4000023,1200030,1200059
352,1674292130.324, 128.53, 1710, 9251, 54, 23, 4, NVIDIA GeForce RTX 3080 Ti,1674292130.2792993,20.9,3.9,0.0,71.9,3.2,0.0,0.2,0.0,2126393,1200015,1200050,1200015,4000009,4022447,1476010,1200014,1200010,2004621,1200025,1199998,4010104,4000098,1200072,1265295
353,1674292131.727, 128.35, 1710, 9251, 53, 22, 4, NVIDIA GeForce RTX 3080 Ti,1674292131.6834126,20.9,3.9,0.0,71.9,3.2,0.0,0.2,0.0,1200015,1451470,1200037,1200002,4000027,4059488,1200000,1200051,1596607,1618073,1200023,1200022,4066102,3999972,1200018,1200894
354,1674292133.139, 163.71, 1980, 9251, 55, 20, 4, NVIDIA GeForce RTX 3080 Ti,1674292133.095329,20.9,3.9,0.0,71.9,3.2,0.0,0.2,0.0,1200051,1200065,1200249,1199999,3999997,4038912,1200011,1200026,1467467,1200030,2010502,1206720,4007523,4011040,1200004,1200011
355,1674292134.544, 142.13, 1710, 9251, 54, 23, 4, NVIDIA GeForce RTX 3080 Ti,1674292134.5035415,20.9,3.9,0.0,71.9,3.2,0.0,0.2,0.0,2390138,1200038,1200032,1200019,4055577,4042200,1200046,1572268,1384350,1200100,1199998,1200015,4028968,4017629,1200113,1494064
356,1674292135.961, 128.53, 1710, 9251, 53, 24, 4, NVIDIA GeForce RTX 3080 Ti,1674292135.9193544,20.9,3.9,0.0,71.9,3.2,0.0,0.2,0.0,1200174,1199969,1856365,1751538,4000100,4042832,1200045,1200034,1200014,1200002,1199996,1709247,4035365,4023082,1199989,1200157
357,1674292137.368, 150.80, 1980, 9251, 55, 21, 4, NVIDIA GeForce RTX 3080 Ti,1674292137.3272114,20.9,3.9,0.0,71.9,3.2,0.0,0.2,0.0,1890728,1199997,1802490,1696667,4002862,4014562,1200016,1200021,1200066,1200028,1200016,1200014,4026103,4005351,1234161,1199977
358,1674292138.781, 163.81, 1980, 9251, 55, 21, 4, NVIDIA GeForce RTX 3080 Ti,1674292138.7394598,20.9,3.9,0.0,71.9,3.2,0.0,0.2,0.0,1200005,1200014,1200205,2392374,3999958,4030981,1200002,1200054,1200014,1200007,1200067,1200003,4038908,4022782,1638385,1200153
359,1674292140.19, 127.98, 1710, 9251, 53, 22, 4, NVIDIA GeForce RTX 3080 Ti,1674292140.147339,20.9,3.9,0.0,71.9,3.2,0.0,0.2,0.0,2122547,1200034,1200000,1199998,4000086,4014845,1200026,1200002,1199996,1200021,1200245,1199991,4034874,4003308,1200011,1698220
360,1674292141.589, 128.21, 1710, 9251, 53, 23, 4, NVIDIA GeForce RTX 3080 Ti,1674292141.5473316,20.9,3.9,0.0,71.9,3.2,0.0,0.2,0.0,1200024,1199986,1200007,1552748,4067383,4054014,1200006,1817559,1200043,1200068,1200019,1200434,4032559,4077350,1200010,1200016
361,1674292142.992, 163.33, 1980, 9251, 54, 20, 4, NVIDIA GeForce RTX 3080 Ti,1674292142.9513433,20.9,3.9,0.0,71.9,3.2,0.0,0.2,0.0,1875009,1199999,1200008,1200029,4048179,4044655,1200010,1200768,1200037,1199991,1199880,1200005,4025589,4005996,1200013,1693807
362,1674292144.401, 138.13, 1710, 9251, 53, 23, 4, NVIDIA GeForce RTX 3080 Ti,1674292144.3594005,20.9,3.9,0.0,71.9,3.2,0.0,0.2,0.0,1200039,1200036,1200014,1200161,4000049,4025341,1435507,1200015,1200014,1200025,1200012,1200093,1200049,4013309,1200018,1200007
363,1674292145.821, 127.46, 1710, 9251, 53, 22, 4, NVIDIA GeForce RTX 3080 Ti,1674292145.779335,20.9,3.9,0.0,71.9,3.2,0.0,0.2,0.0,1775663,4021412,1200306,1200013,1199987,4004076,1200011,1377834,1200022,3997218,1564951,1552562,1199939,4000611,1200005,1201268
364,1674292147.216, 127.55, 1710, 9251, 53, 23, 4, NVIDIA GeForce RTX 3080 Ti,1674292147.1754088,20.9,3.9,0.0,71.9,3.2,0.0,0.2,0.0,1200070,1199978,2102423,1200030,1379453,3999999,1200023,4011786,1200004,1201644,2245953,1200186,1200011,4036081,1200074,4017962
365,1674292148.6, 127.88, 1710, 9251, 53, 21, 3, NVIDIA GeForce RTX 3080 Ti,1674292148.5592494,20.9,3.9,0.0,71.9,3.2,0.0,0.2,0.0,1442802,1200011,1200101,1200073,1200083,4026784,1200002,4037517,1200007,1200103,1200072,1200035,1200012,4012570,4041796,2377043
366,1674292150.009, 128.14, 1710, 9251, 53, 23, 4, NVIDIA GeForce RTX 3080 Ti,1674292149.963305,20.9,3.9,0.0,71.9,3.2,0.0,0.2,0.0,1200076,2270246,1200032,1610948,1200000,4022118,1200031,2155989,1200000,1200216,1200029,1714421,4011399,4007106,1200005,1934598
367,1674292151.424, 168.81, 1980, 9251, 54, 19, 3, NVIDIA GeForce RTX 3080 Ti,1674292151.3834317,20.9,3.9,0.0,71.9,3.2,0.0,0.2,0.0,1200003,1200003,1201267,1706757,4068861,4027681,1200001,1480607,1200028,1200004,1200123,1976116,1698483,4011345,1993803,3999885
368,1674292152.809, 143.81, 1710, 9251, 53, 22, 4, NVIDIA GeForce RTX 3080 Ti,1674292152.767423,20.9,3.9,0.0,71.9,3.2,0.0,0.2,0.0,3287922,1227586,1200081,1200034,1200007,4028468,1200061,1200091,1645153,1200104,4022300,1200016,1200057,4013327,1200074,1200034
369,1674292154.218, 127.98, 1710, 9251, 53, 22, 4, NVIDIA GeForce RTX 3080 Ti,1674292154.1753888,20.9,3.9,0.0,71.9,3.2,0.0,0.2,0.0,2789625,1200001,4000009,1199997,1200006,4044270,1200030,1200024,1200000,1200068,4002324,1200692,1200022,4003965,1200018,1200106
370,1674292155.62, 128.23, 1710, 9251, 53, 22, 4, NVIDIA GeForce RTX 3080 Ti,1674292155.579458,20.9,3.9,0.0,71.9,3.2,0.0,0.2,0.0,1200055,1200029,3998969,2382557,1200004,4014090,1440286,1583177,1200050,1200058,4017317,1200009,1200014,4041081,1837403,1200010
371,1674292157.021, 159.35, 1980, 9251, 54, 20, 4, NVIDIA GeForce RTX 3080 Ti,1674292156.9794097,20.9,3.9,0.0,71.9,3.2,0.0,0.2,0.0,1547482,2032787,4000031,1200003,1221432,4023214,1742143,1200067,1596457,1199998,4035174,1200031,1200020,4012644,1200191,1200025
372,1674292158.419, 156.70, 1710, 9251, 53, 23, 4, NVIDIA GeForce RTX 3080 Ti,1674292158.375315,20.9,3.9,0.0,71.9,3.2,0.0,0.2,0.0,1496287,1200080,3999719,1221589,1200017,4022018,1666330,1200328,1200078,1200036,4005888,2059501,1200014,4021968,1235219,2148751
373,1674292159.824, 127.86, 1710, 9251, 53, 23, 4, NVIDIA GeForce RTX 3080 Ti,1674292159.78722,20.9,3.9,0.0,71.9,3.2,0.0,0.2,0.0,1200073,1598159,4000090,1200230,1200028,4012096,1200014,1200003,1273754,1200908,4041613,1406288,1200011,4024606,1375048,1200014
374,1674292161.23, 139.51, 1995, 9251, 54, 65, 34, NVIDIA GeForce RTX 3080 Ti,1674292161.1912587,20.9,3.9,0.0,71.9,3.2,0.0,0.2,0.0,1200009,1200012,4000051,1222797,1200116,4022380,1200019,1200023,1247341,1259984,1200006,1199998,1200022,4001186,1851099,1200004
375,1674292162.629, 163.91, 1995, 9251, 54, 20, 4, NVIDIA GeForce RTX 3080 Ti,1674292162.5874443,20.9,3.9,0.0,71.9,3.2,0.0,0.2,0.0,1199996,4005567,2226521,1200093,1200007,4041757,1843248,1572332,1200004,3999985,1468585,1200010,1200043,4016152,1200000,1493787
376,1674292164.03, 130.84, 1710, 9251, 52, 22, 4, NVIDIA GeForce RTX 3080 Ti,1674292163.9953249,20.9,3.9,0.0,71.9,3.2,0.0,0.2,0.0,1200106,1200088,1200007,1560117,1595236,4010817,2254474,1200006,1200008,4037952,1200155,1200102,1241999,4011135,1401000,1200003
377,1674292165.421, 126.85, 1710, 9251, 52, 21, 3, NVIDIA GeForce RTX 3080 Ti,1674292165.3834164,20.9,3.9,0.0,71.9,3.2,0.0,0.2,0.0,1200173,1200078,4044994,1740777,1200006,4048050,1200011,1199999,1200024,1502459,4087821,1204542,1200066,4038413,1200001,1200033
378,1674292166.826, 159.52, 1995, 9251, 54, 20, 4, NVIDIA GeForce RTX 3080 Ti,1674292166.7833772,20.9,3.9,0.0,71.9,3.2,0.0,0.2,0.0,3605651,1648602,1999208,1200029,1200028,4042011,3999957,1927059,2615704,1200030,1200062,1771862,1200002,4000275,4049001,1200024
379,1674292168.232, 157.62, 1710, 9251, 53, 23, 4, NVIDIA GeForce RTX 3080 Ti,1674292168.1913013,20.9,3.9,0.0,71.9,3.2,0.0,0.2,0.0,1199971,1549609,1647995,1200009,1200026,4018466,4000004,1200027,1200262,1210584,1200053,1200025,4000044,1200023,4033099,1200003
380,1674292169.617, 126.52, 1710, 9251, 52, 22, 4, NVIDIA GeForce RTX 3080 Ti,1674292169.575389,20.9,3.9,0.0,71.9,3.2,0.0,0.2,0.0,1200016,1200010,1200035,1200133,4023807,1200001,1997430,4003872,1200026,1200000,1200011,1926731,4075275,1200064,2270192,4032815
381,1674292171.009, 144.79, 1995, 9251, 54, 21, 4, NVIDIA GeForce RTX 3080 Ti,1674292170.967372,20.9,3.9,0.0,71.9,3.2,0.0,0.2,0.0,1480102,1200048,1200321,4021075,4071659,1200018,1200020,1200001,1199998,1200019,1200032,4000129,4012837,1425990,1200004,1200031
382,1674292172.413, 164.17, 1995, 9251, 54, 20, 4, NVIDIA GeForce RTX 3080 Ti,1674292172.3713815,20.9,3.9,0.0,71.9,3.2,0.0,0.2,0.0,1200010,1200011,1200046,1200020,4017036,4011817,1199980,1200032,1200004,1476170,1805812,1200034,4000990,3999994,1199994,1200044
383,1674292173.836, 127.36, 1710, 9251, 52, 23, 4, NVIDIA GeForce RTX 3080 Ti,1674292173.7954183,20.9,3.9,0.0,71.9,3.2,0.0,0.2,0.0,1200141,1200013,1200030,1200059,4008633,4051932,1200022,2096254,1200404,1200027,1200017,1200035,4000209,4000377,1200005,1200020
384,1674292175.23, 127.02, 1710, 9251, 52, 23, 4, NVIDIA GeForce RTX 3080 Ti,1674292175.1912792,20.9,3.9,0.0,71.9,3.2,0.0,0.2,0.0,1200017,1199955,1200007,1200007,4038472,4068073,1200031,1200036,2035904,1200020,2094633,1264275,4095912,3999984,1200024,1877878
385,1674292176.634, 165.58, 1995, 9251, 54, 17, 3, NVIDIA GeForce RTX 3080 Ti,1674292176.5912983,20.9,3.9,0.0,71.9,3.2,0.0,0.2,0.0,1200039,1405152,1200004,1208601,4047203,4038578,1200013,1200019,1200027,2134479,1200059,1200214,4013547,3059679,1200016,4009186
386,1674292178.053, 150.82, 1710, 9251, 53, 22, 4, NVIDIA GeForce RTX 3080 Ti,1674292178.0113983,20.9,3.9,0.0,71.9,3.2,0.0,0.2,0.0,1215698,1200115,1200115,2102139,1200009,4000028,1200014,4004389,1507703,1200010,1200155,1230156,1202306,4042659,1200026,4000068
387,1674292179.455, 126.92, 1710, 9251, 52, 22, 4, NVIDIA GeForce RTX 3080 Ti,1674292179.415246,20.9,3.9,0.0,71.9,3.2,0.0,0.2,0.0,1200000,1200027,2373011,1199998,1200035,4000013,1514904,4036656,1200081,1200034,1688738,1200015,1200238,4019313,1200219,4000121
388,1674292180.863, 126.92, 1710, 9251, 52, 23, 4, NVIDIA GeForce RTX 3080 Ti,1674292180.8192837,20.9,3.9,0.0,71.9,3.2,0.0,0.2,0.0,1200022,1359672,1200036,1200002,1200012,4025096,1200012,4002287,1200046,1200006,2321791,1200038,1200017,4070469,1200014,4002788
389,1674292182.26, 163.56, 1995, 9251, 54, 19, 4, NVIDIA GeForce RTX 3080 Ti,1674292182.2194514,20.9,3.9,0.0,71.9,3.2,0.0,0.2,0.0,1308755,1200034,1251237,2256030,1200019,3999994,1200058,4040084,1200013,1692106,1199997,1948681,1200120,4027275,1200022,4000072
390,1674292183.669, 136.58, 1710, 9251, 52, 23, 4, NVIDIA GeForce RTX 3080 Ti,1674292183.6273267,20.9,3.9,0.0,71.9,3.2,0.0,0.2,0.0,1200016,1200051,1200016,1807426,1200000,4048965,1200011,4051087,1200054,1200011,1200047,1200201,1200012,4028895,1200008,4032849
391,1674292185.054, 126.54, 1710, 9251, 52, 23, 4, NVIDIA GeForce RTX 3080 Ti,1674292185.0113282,20.9,3.9,0.0,71.9,3.2,0.0,0.2,0.0,1200070,1635761,1200078,1200007,1200001,1200064,4028107,4015643,1199994,4043295,1200036,1525426,1200037,1200008,1200028,4000119
392,1674292186.457, 151.27, 1995, 9251, 54, 19, 4, NVIDIA GeForce RTX 3080 Ti,1674292186.4154506,20.9,3.9,0.0,71.9,3.2,0.0,0.2,0.0,1303632,1200045,1942941,1200014,1200040,1452265,4026157,4023653,1200036,1200002,1199992,1200018,1200005,1200034,4000084,4091069
393,1674292187.868, 163.68, 1710, 9251, 53, 20, 4, NVIDIA GeForce RTX 3080 Ti,1674292187.827181,20.9,3.9,0.0,71.9,3.2,0.0,0.2,0.0,1199999,1200017,4011161,1200056,1200027,1199997,1200014,3999999,1200003,2220293,1677648,4036762,1200001,1807867,1200024,4000004
394,1674292189.262, 127.03, 1710, 9251, 52, 22, 4, NVIDIA GeForce RTX 3080 Ti,1674292189.219334,20.9,3.9,0.0,71.9,3.2,0.0,0.2,0.0,1200002,1539566,1200030,1199929,1200005,1200084,4050198,4008649,1200007,1683060,1200021,1200025,1200041,1200068,4001621,4006789
395,1674292190.649, 126.73, 1710, 9251, 52, 22, 4, NVIDIA GeForce RTX 3080 Ti,1674292190.607356,20.9,3.9,0.0,71.9,3.2,0.0,0.2,0.0,1200014,1200002,1200016,1200020,1200033,1872312,4003016,4014293,1199994,1200012,1199999,1200073,1200038,1200013,4027022,4000388
396,1674292192.053, 126.80, 1710, 9251, 52, 23, 4, NVIDIA GeForce RTX 3080 Ti,1674292192.0113444,20.9,3.9,0.0,71.9,3.2,0.0,0.2,0.0,4004461,1200023,1204292,1200064,1200038,1200015,1277466,4040870,4013482,1200005,1200001,1842426,1200083,1200009,1200080,4022414
397,1674292193.428, 126.40, 1710, 9251, 52, 22, 4, NVIDIA GeForce RTX 3080 Ti,1674292193.3873765,20.9,3.9,0.0,71.9,3.2,0.0,0.2,0.0,4002071,1200005,1200002,1199998,1199942,1200028,1200008,4000000,1200014,4035800,1234789,1200020,1199992,1200010,1525840,4008060
398,1674292194.832, 127.01, 1710, 9251, 52, 23, 4, NVIDIA GeForce RTX 3080 Ti,1674292194.7912614,20.9,3.9,0.0,71.9,3.2,0.0,0.2,0.0,1200038,1200040,1638628,1200032,1200006,1412037,4002769,4037728,1200004,1200076,1594276,1200090,1200351,1200009,4011318,4081898
399,1674292196.232, 159.54, 1995, 9251, 53, 21, 4, NVIDIA GeForce RTX 3080 Ti,1674292196.1873612,20.9,3.9,0.0,71.9,3.2,0.0,0.2,0.0,1199976,2026044,4014379,1200052,1200000,1200069,1648741,4011739,1200078,1200014,4038023,1200020,1200054,1200079,1222080,4000040
400,1674292197.644, 157.79, 1710, 9251, 52, 23, 4, NVIDIA GeForce RTX 3080 Ti,1674292197.6033502,20.9,3.9,0.0,71.9,3.2,0.0,0.2,0.0,1200014,1200018,4022257,1901633,1200066,1202573,1220452,4033372,1200000,1992942,4009723,1200126,1200032,1200010,1200011,3999967
401,1674292199.044, 125.89, 1710, 9251, 52, 21, 3, NVIDIA GeForce RTX 3080 Ti,1674292199.0033464,20.9,3.9,0.0,71.9,3.2,0.0,0.2,0.0,1200034,1586318,4039438,1200039,1200026,1199989,1200013,4028406,1200003,1200044,4025879,1200083,1200066,1200031,1200013,4001683
402,1674292200.454, 152.62, 1995, 9251, 54, 21, 4, NVIDIA GeForce RTX 3080 Ti,1674292200.411373,20.9,3.9,0.0,71.9,3.2,0.0,0.2,0.0,1202396,1200092,1200062,3997425,4011316,1202270,1200018,4017934,1200006,1517234,1200006,1199988,4000030,1200086,1201137,4004478
403,1674292201.861, 163.40, 1710, 9251, 53, 19, 3, NVIDIA GeForce RTX 3080 Ti,1674292201.8193643,20.9,3.9,0.0,71.9,3.2,0.0,0.2,0.0,1211620,1593480,1200026,1200012,4000000,1300367,1200002,4003488,1200031,1688643,1200083,1200000,4000024,1200010,4006492,4061594
404,1674292203.26, 126.84, 1710, 9251, 52, 21, 4, NVIDIA GeForce RTX 3080 Ti,1674292203.219328,20.9,3.9,0.0,71.9,3.2,0.0,0.2,0.0,1200041,1199995,1199983,1227502,1199992,4041202,1862102,4011759,1200000,1199999,1717367,1200024,1200010,1200064,4004354,4000010
405,1674292204.647, 126.12, 1710, 9251, 52, 22, 4, NVIDIA GeForce RTX 3080 Ti,1674292204.607245,20.9,3.9,0.0,71.9,3.2,0.0,0.2,0.0,1200961,1416847,4060837,1199994,1200013,4000013,2322784,4044345,1200002,1200026,1494413,1200002,1200035,4045213,1200038,4000010
406,1674292206.042, 169.87, 1995, 9251, 53, 21, 4, NVIDIA GeForce RTX 3080 Ti,1674292206.0031416,20.9,3.9,0.0,71.9,3.2,0.0,0.2,0.0,1200012,4007471,1200078,1200015,1200004,4008564,1200053,4078348,1200031,1604451,1746039,2495341,1200024,4032686,1200016,4000281
407,1674292207.449, 144.29, 1710, 9251, 52, 23, 4, NVIDIA GeForce RTX 3080 Ti,1674292207.39939,20.9,3.9,0.0,71.9,3.2,0.0,0.2,0.0,1200032,1200045,1200003,1200008,1200004,3999914,1608614,4013697,1764607,1880728,1200151,1200077,1200027,4014867,1200282,4014682
408,1674292208.853, 127.42, 1710, 9251, 52, 23, 4, NVIDIA GeForce RTX 3080 Ti,1674292208.8113842,20.9,3.9,0.0,71.9,3.2,0.0,0.2,0.0,1200031,1550563,1200008,1200050,1200033,4029904,1778309,4027858,1200024,1200008,1851122,1200010,1200005,4029315,1200006,3999982
409,1674292210.253, 145.34, 1995, 9251, 53, 20, 4, NVIDIA GeForce RTX 3080 Ti,1674292210.2113657,20.9,3.9,0.0,71.9,3.2,0.0,0.2,0.0,4034792,1200049,1207478,1200124,1200005,1200034,1200012,4060602,4000054,1199995,1208307,1200650,1200011,1571527,1200051,4000052
410,1674292211.661, 163.66, 1995, 9251, 54, 20, 4, NVIDIA GeForce RTX 3080 Ti,1674292211.6154327,20.9,3.9,0.0,71.9,3.2,0.0,0.2,0.0,1916704,1200002,1200009,1998567,1200030,4025056,1618608,4050902,1200001,1431524,1200017,1200033,1200022,4052779,1200044,4000520
411,1674292213.071, 127.19, 1710, 9251, 52, 22, 4, NVIDIA GeForce RTX 3080 Ti,1674292213.0233529,20.9,3.9,0.0,71.9,3.2,0.0,0.2,0.0,1200609,1765568,1200012,1210027,1200030,4032810,1199996,4027781,1199992,1200008,1200085,2057547,1200035,4000425,1200011,4003293
412,1674292214.475, 127.05, 1710, 9251, 53, 21, 4, NVIDIA GeForce RTX 3080 Ti,1674292214.4313402,20.9,3.9,0.0,71.9,3.2,0.0,0.2,0.0,2448795,1200008,1592547,1208459,1200010,4023986,1201046,4021694,1200011,1199991,1200073,1200001,1199999,4029608,1200205,4000065
413,1674292215.868, 163.50, 1995, 9251, 53, 20, 4, NVIDIA GeForce RTX 3080 Ti,1674292215.8273325,20.9,3.9,0.0,71.9,3.2,0.0,0.2,0.0,4010779,1199981,1200024,1200011,1200057,1200007,1200028,4030652,4038780,1213368,1200026,2695513,1200033,1517504,1251115,4000038
414,1674292217.27, 137.06, 1710, 9251, 52, 22, 4, NVIDIA GeForce RTX 3080 Ti,1674292217.2272582,20.9,3.9,0.0,71.9,3.2,0.0,0.2,0.0,4035035,1608690,1200422,1242256,1200041,1200008,1200008,4048165,4020951,1200075,1200019,1339361,1200050,2118870,1200031,3999976
415,1674292218.674, 127.14, 1710, 9251, 52, 23, 4, NVIDIA GeForce RTX 3080 Ti,1674292218.6313212,20.9,3.9,0.0,71.9,3.2,0.0,0.2,0.0,4015112,1503551,1200011,1200028,1200012,1304804,1533949,4048043,4038517,1516529,1200013,1234893,1200071,1200086,1599288,4003797
416,1674292220.072, 153.98, 1995, 9251, 53, 20, 4, NVIDIA GeForce RTX 3080 Ti,1674292220.0314224,20.9,3.9,0.0,71.9,3.2,0.0,0.2,0.0,4019455,1960482,1200012,4000208,1199994,1200007,1200016,4047841,1367264,1200106,1200012,4008217,1200017,1200067,2085771,4007311
417,1674292221.477, 161.11, 1710, 9251, 53, 20, 4, NVIDIA GeForce RTX 3080 Ti,1674292221.4353294,20.9,3.9,0.0,71.9,3.2,0.0,0.2,0.0,1200038,1200031,1200002,4000027,1199995,1880636,2153350,4027977,1200006,1227519,1199993,4044218,1199995,1200036,1200013,4000042
418,1674292222.874, 127.35, 1710, 9251, 52, 22, 4, NVIDIA GeForce RTX 3080 Ti,1674292222.8313794,20.9,3.9,0.0,71.9,3.2,0.0,0.2,0.0,4016396,1200033,1200006,1200015,1200036,1713060,1199999,4052176,4040827,1824776,1200050,1200016,1397463,2425796,1446039,3999983
419,1674292224.285, 142.19, 1995, 9251, 54, 58, 29, NVIDIA GeForce RTX 3080 Ti,1674292224.2433486,20.9,3.9,0.0,71.9,3.2,0.0,0.2,0.0,4018097,1200014,1200094,1237537,1200011,1200023,1200006,4033625,4043187,1200013,1200020,4027612,1463834,1485839,1505307,4000075
420,1674292225.685, 163.85, 1995, 9251, 53, 20, 4, NVIDIA GeForce RTX 3080 Ti,1674292225.6433933,20.9,3.9,0.0,71.9,3.2,0.0,0.2,0.0,4003434,1894636,1200024,1200022,1200051,1200071,2041251,4037059,4016172,1200013,2568741,1200050,1200025,1200056,1200003,4008503
421,1674292227.09, 127.41, 1710, 9251, 52, 23, 4, NVIDIA GeForce RTX 3080 Ti,1674292227.043304,20.9,3.9,0.0,71.9,3.2,0.0,0.2,0.0,1200010,1760629,1200022,1200010,1200032,3999929,1200012,4009596,1200019,1200028,1704547,1200090,1200009,3999999,1200026,4012942
422,1674292228.498, 127.66, 1710, 9251, 52, 24, 4, NVIDIA GeForce RTX 3080 Ti,1674292228.4554086,20.9,3.9,0.0,71.9,3.2,0.0,0.2,0.0,2007653,1200034,1200030,1215076,1199990,4000093,1200038,4005934,1565595,1200001,1201016,1200004,1199919,4011658,1985433,4038968
423,1674292229.884, 126.88, 1710, 9251, 52, 23, 4, NVIDIA GeForce RTX 3080 Ti,1674292229.8433752,20.9,3.9,0.0,71.9,3.2,0.0,0.2,0.0,2457572,1200026,1199991,1201659,1200056,1200068,4030752,4041942,3880513,1200208,1200004,1200056,1200053,1200002,1413718,4000812
424,1674292231.293, 126.88, 1710, 9251, 52, 22, 4, NVIDIA GeForce RTX 3080 Ti,1674292231.251421,20.9,3.9,0.0,71.9,3.2,0.0,0.2,0.0,4008730,2157581,1200032,1200007,1200001,1883374,1200019,4027161,3999923,1200013,2081965,1200611,1200001,1214405,1200001,3999989
425,1674292232.692, 126.92, 1710, 9251, 52, 23, 4, NVIDIA GeForce RTX 3080 Ti,1674292232.651407,20.9,3.9,0.0,71.9,3.2,0.0,0.2,0.0,4013200,1200049,1200083,1200002,1200049,1200013,1200018,4012424,4035246,1200001,1314043,1200008,1200015,1200016,1200143,4022367
426,1674292234.089, 149.35, 1995, 9251, 53, 22, 4, NVIDIA GeForce RTX 3080 Ti,1674292234.0473084,20.9,3.9,0.0,71.9,3.2,0.0,0.2,0.0,4000000,1200033,1302817,1341369,1200004,1200015,1200021,4026954,4047920,1200003,1961405,1378471,1200010,1200139,1200007,4000002
427,1674292235.494, 164.41, 1995, 9251, 53, 21, 4, NVIDIA GeForce RTX 3080 Ti,1674292235.4552238,20.9,3.9,0.0,71.9,3.2,0.0,0.2,0.0,4020860,1200036,1646321,1200073,1200022,1200023,1200010,4009067,4000041,1200125,1200092,1200016,1284839,1200004,1200016,4008531
428,1674292236.9, 126.84, 1710, 9251, 52, 23, 4, NVIDIA GeForce RTX 3080 Ti,1674292236.855427,20.9,3.9,0.0,71.9,3.2,0.0,0.2,0.0,4070490,1199996,1200091,1200037,1396979,2007528,1200008,4000000,1200042,4000014,1200024,1200016,1200000,1200011,1200029,4037440
429,1674292238.305, 126.87, 1710, 9251, 52, 22, 4, NVIDIA GeForce RTX 3080 Ti,1674292238.2632465,20.9,3.9,0.0,71.9,3.2,0.0,0.2,0.0,1200001,4034752,1200066,1200011,1200011,2000534,1200014,4034910,1200013,3638052,4060245,1200050,1200028,1200023,1200046,4000121
430,1674292239.719, 162.15, 1995, 9251, 53, 21, 4, NVIDIA GeForce RTX 3080 Ti,1674292239.671333,20.9,3.9,0.0,71.9,3.2,0.0,0.2,0.0,1200007,1577160,1242690,4010119,1200080,1200050,1518063,4039609,1200005,1200036,1200870,4013622,1200023,1200024,1200009,4000114
431,1674292241.125, 154.10, 1710, 9251, 52, 23, 4, NVIDIA GeForce RTX 3080 Ti,1674292241.0833583,20.9,3.9,0.0,71.9,3.2,0.0,0.2,0.0,1200244,1200024,1200014,4032984,1200023,1200005,1254693,4007614,1289533,1200004,1854568,4000026,1200029,1200082,1200274,4000229
432,1674292242.528, 127.61, 1710, 9251, 52, 24, 4, NVIDIA GeForce RTX 3080 Ti,1674292242.4872622,20.9,3.9,0.0,71.9,3.2,0.0,0.2,0.0,1200055,1200066,1200066,4000000,1199998,1200046,1200001,4015794,2438844,1200044,1200161,4030560,1200062,2163706,2480000,3999455
433,1674292243.933, 142.31, 1995, 9251, 53, 51, 22, NVIDIA GeForce RTX 3080 Ti,1674292243.8913777,20.9,3.9,0.0,71.9,3.2,0.0,0.2,0.0,1627352,1200004,2383012,4025513,1200047,1200056,1762933,4017512,1553500,1200095,1200013,4000042,1200087,1199999,1200130,4002328
434,1674292245.342, 164.13, 1995, 9251, 53, 21, 4, NVIDIA GeForce RTX 3080 Ti,1674292245.2993314,20.9,3.9,0.0,71.9,3.2,0.0,0.2,0.0,1200166,1200126,1200044,4051183,1200030,1200014,1243299,4066208,1200024,1200099,1200032,4010346,1200075,1200113,1710737,4000033
435,1674292246.744, 127.32, 1710, 9251, 52, 24, 4, NVIDIA GeForce RTX 3080 Ti,1674292246.70335,20.9,3.9,0.0,71.9,3.2,0.0,0.2,0.0,1449370,1745137,1200031,4026178,1200034,1200019,1218996,4019672,1200022,1200035,1218310,4000023,1200006,1200033,1200222,4000009
436,1674292248.129, 126.32, 1710, 9251, 52, 23, 4, NVIDIA GeForce RTX 3080 Ti,1674292248.0874522,20.9,3.9,0.0,71.9,3.2,0.0,0.2,0.0,1200086,1200014,2229092,4037265,1200044,1200070,1200010,4076417,1564092,1534610,1200084,4002105,1200066,1200119,1200018,4000023
437,1674292249.515, 168.91, 1995, 9251, 53, 20, 4, NVIDIA GeForce RTX 3080 Ti,1674292249.4753208,20.9,3.9,0.0,71.9,3.2,0.0,0.2,0.0,1200031,3811830,4034405,1200085,1200008,1200041,1200004,4001836,1200032,1200040,3999975,1200011,1480326,1200022,1200028,4000046
438,1674292250.915, 147.43, 1710, 9251, 52, 24, 4, NVIDIA GeForce RTX 3080 Ti,1674292250.8714597,20.9,3.9,0.0,71.9,3.2,0.0,0.2,0.0,1755967,1199993,4044942,1251000,1200022,1200023,1885251,4011782,1200010,1200009,4057080,3552255,1200025,1200080,1594890,4000118
439,1674292252.325, 127.16, 1710, 9251, 52, 22, 4, NVIDIA GeForce RTX 3080 Ti,1674292252.2833045,20.9,3.9,0.0,71.9,3.2,0.0,0.2,0.0,1703431,1200009,4007560,1200039,1200012,1200112,1200011,4044760,1200020,1200020,4018534,1404358,1200021,1200028,1200071,3999975
440,1674292253.729, 142.08, 1995, 9251, 53, 65, 34, NVIDIA GeForce RTX 3080 Ti,1674292253.6873393,20.9,3.9,0.0,71.9,3.2,0.0,0.2,0.0,1200127,2002130,4025513,1205126,1200003,1200074,1655073,4034892,1200047,2602894,3999741,1902394,1200008,1200021,1200024,4004181
441,1674292255.15, 164.06, 1995, 9251, 53, 21, 4, NVIDIA GeForce RTX 3080 Ti,1674292255.107344,20.9,3.9,0.0,71.9,3.2,0.0,0.2,0.0,2083690,2510611,4028178,1200024,1200000,1200019,1200058,4021268,1200118,1825609,3999947,1245216,1200023,1200012,1200014,4000056
442,1674292256.544, 127.43, 1710, 9251, 52, 23, 4, NVIDIA GeForce RTX 3080 Ti,1674292256.5033581,20.9,3.9,0.0,71.9,3.2,0.0,0.2,0.0,1200013,1696405,4051379,1200032,1200010,1200045,1200016,4080474,1210473,1200011,4000004,1200006,1200038,1199989,2115710,4009454
443,1674292257.953, 127.12, 1710, 9251, 52, 23, 4, NVIDIA GeForce RTX 3080 Ti,1674292257.9113529,20.9,3.9,0.0,71.9,3.2,0.0,0.2,0.0,1200002,1199999,4016675,1716299,1200040,1200004,1200366,4008138,1344451,2125697,4000000,1200011,1200038,1200030,1200272,4008549
444,1674292259.358, 170.04, 1995, 9251, 53, 20, 4, NVIDIA GeForce RTX 3080 Ti,1674292259.3153415,20.9,3.9,0.0,71.9,3.2,0.0,0.2,0.0,1244964,1200162,4007228,1200597,1200006,1790169,1200005,4022195,1277840,1990389,4002198,1200077,1200000,1200105,1617753,4004690
445,1674292260.757, 148.11, 1710, 9251, 52, 21, 4, NVIDIA GeForce RTX 3080 Ti,1674292260.715336,20.9,3.9,0.0,71.9,3.2,0.0,0.2,0.0,1324496,2458172,4008400,1200036,1200035,1200089,1200010,3999999,1290961,1200022,3999891,1219113,1200036,2124867,1200070,4000003
446,1674292262.161, 126.91, 1710, 9251, 52, 22, 4, NVIDIA GeForce RTX 3080 Ti,1674292262.1193676,20.9,3.9,0.0,71.9,3.2,0.0,0.2,0.0,1200034,1200044,1259632,4022235,1200006,1200068,1207268,4021686,1200008,1200005,4008570,4000003,1199997,1200071,1200106,4001224
447,1674292263.57, 152.31, 1995, 9251, 53, 21, 4, NVIDIA GeForce RTX 3080 Ti,1674292263.5273278,20.9,3.9,0.0,71.9,3.2,0.0,0.2,0.0,1200003,1200103,1200157,4021931,1200012,3999999,1869662,4011968,1200019,1601384,1200020,4085194,1200010,1200140,1326132,3998233
448,1674292264.979, 163.80, 1710, 9251, 53, 19, 4, NVIDIA GeForce RTX 3080 Ti,1674292264.935331,20.9,3.9,0.0,71.9,3.2,0.0,0.2,0.0,1199997,1200077,1200044,1200033,1200004,4053169,1786947,4034527,1199979,1918724,1200137,1200039,1242719,3999993,1200003,4000000
449,1674292266.386, 126.17, 1710, 9251, 52, 23, 4, NVIDIA GeForce RTX 3080 Ti,1674292266.3433568,20.9,3.9,0.0,71.9,3.2,0.0,0.2,0.0,1656252,1200095,1199997,1200090,1199926,1590245,1200038,4008557,4016880,1199996,1200041,1200004,1200009,1200045,1844979,4010277
450,1674292267.793, 126.43, 1710, 9251, 52, 24, 4, NVIDIA GeForce RTX 3080 Ti,1674292267.751364,20.9,3.9,0.0,71.9,3.2,0.0,0.2,0.0,2030327,1200003,1200447,1200108,1199999,3997911,1206379,4086660,1200225,1200009,1200090,1200999,1200052,4039195,1249663,3999989
451,1674292269.197, 126.75, 1710, 9251, 52, 23, 4, NVIDIA GeForce RTX 3080 Ti,1674292269.155376,20.9,3.9,0.0,71.9,3.2,0.0,0.2,0.0,1200034,1424216,1512571,1200020,1200002,3999973,1235473,4019466,1838498,1199999,1200023,1200061,1199945,4012934,1200036,4001169
452,1674292270.573, 126.70, 1710, 9251, 52, 24, 4, NVIDIA GeForce RTX 3080 Ti,1674292270.5313218,20.9,3.9,0.0,71.9,3.2,0.0,0.2,0.0,4041616,2460760,1199986,1200088,1200020,1501935,1199997,4044188,3997087,1200002,1200051,1200002,1199997,1200006,1201207,4000016
453,1674292271.973, 126.77, 1710, 9251, 52, 22, 4, NVIDIA GeForce RTX 3080 Ti,1674292271.931386,20.9,3.9,0.0,71.9,3.2,0.0,0.2,0.0,3999999,1575345,1200086,1200093,1200020,1200042,1931575,4012052,4000104,1200026,1200024,1199982,1199998,1885891,1207288,4000003
454,1674292273.369, 139.29, 1995, 9251, 53, 65, 34, NVIDIA GeForce RTX 3080 Ti,1674292273.3272665,20.9,3.9,0.0,71.9,3.2,0.0,0.2,0.0,4036545,1200035,1200011,1199989,1200002,1498676,1200029,4050603,1200008,1200013,1200089,4032928,4036244,1200118,1200009,3999998
455,1674292274.778, 163.55, 1995, 9251, 53, 18, 4, NVIDIA GeForce RTX 3080 Ti,1674292274.7392557,20.9,3.9,0.0,71.9,3.2,0.0,0.2,0.0,1216828,1200028,1200013,1199928,4072173,1200009,1200006,4019915,1212595,1200033,1200004,1200006,3999967,1200217,1200015,3999998
456,1674292276.187, 130.11, 1710, 9251, 52, 21, 4, NVIDIA GeForce RTX 3080 Ti,1674292276.1472557,20.9,3.9,0.0,71.9,3.2,0.0,0.2,0.0,4007090,1200017,1253035,1201216,1200024,1200072,1576368,4043605,4018369,1200125,1200012,1354623,1200034,4042909,1200003,4000134
457,1674292277.587, 126.66, 1710, 9251, 52, 22, 4, NVIDIA GeForce RTX 3080 Ti,1674292277.5472453,20.9,3.9,0.0,71.9,3.2,0.0,0.2,0.0,1460180,2035008,1200036,1200112,1200002,1199994,4035314,4026886,1200076,2363473,1200006,1641216,1200033,1200072,4049511,3999775
458,1674292278.974, 171.86, 1995, 9251, 53, 20, 4, NVIDIA GeForce RTX 3080 Ti,1674292278.935449,20.9,3.9,0.0,71.9,3.2,0.0,0.2,0.0,1200071,1200027,1200090,1200048,1536695,1200003,2071395,4071111,4029398,1394375,1200046,1874624,1221888,1199996,1200023,3999971
459,1674292280.381, 143.18, 1710, 9251, 52, 23, 4, NVIDIA GeForce RTX 3080 Ti,1674292280.3395278,20.9,3.9,0.0,71.9,3.2,0.0,0.2,0.0,1913636,1200043,4029805,1200015,1202741,1429148,1816237,4017612,1200004,1200099,4005363,1200237,1200013,1644151,1200201,4000007
460,1674292281.779, 127.18, 1710, 9251, 52, 24, 4, NVIDIA GeForce RTX 3080 Ti,1674292281.7391148,20.9,3.9,0.0,71.9,3.2,0.0,0.2,0.0,1200129,1199993,4022866,1200006,1200031,1383316,2979649,4034957,1200130,1796960,4002846,1200099,1200031,1200010,1200480,4008935
461,1674292283.185, 152.38, 1995, 9251, 53, 20, 4, NVIDIA GeForce RTX 3080 Ti,1674292283.1434085,20.9,3.9,0.0,71.9,3.2,0.0,0.2,0.0,2796449,1200011,1200092,1783815,4030553,1200014,1200045,4043037,1319143,1200005,1200039,1200074,4006852,1200016,1200054,3999969
462,1674292284.589, 163.43, 1710, 9251, 53, 23, 4, NVIDIA GeForce RTX 3080 Ti,1674292284.5472434,20.9,3.9,0.0,71.9,3.2,0.0,0.2,0.0,1200007,2166093,1200034,1200010,4049477,1200013,1200022,4021812,2374307,1200031,1200002,1797241,1200001,1199958,1200017,4032391
463,1674292286.007, 126.19, 1710, 9251, 52, 22, 4, NVIDIA GeForce RTX 3080 Ti,1674292285.9672408,20.9,3.9,0.0,71.9,3.2,0.0,0.2,0.0,1200057,1200004,4000878,1577299,1200010,1805850,1200027,4015751,1200042,1506130,4022495,1357642,1200004,1200326,1251024,4006969
464,1674292287.396, 126.85, 1710, 9251, 52, 23, 4, NVIDIA GeForce RTX 3080 Ti,1674292287.3552034,20.9,3.9,0.0,71.9,3.2,0.0,0.2,0.0,1200015,1200029,4073185,1200023,1200012,2079458,1200023,4012624,1200020,1200422,4009878,1290954,1200034,1713909,1200105,4000037
465,1674292288.778, 162.98, 1995, 9251, 53, 20, 4, NVIDIA GeForce RTX 3080 Ti,1674292288.7353942,20.9,3.9,0.0,71.9,3.2,0.0,0.2,0.0,1771630,1200006,1200079,1200061,1200036,1200062,4000005,4066104,1200001,1199998,1715637,1200047,1200017,1471665,4046901,4001851
466,1674292290.18, 137.35, 1710, 9251, 52, 23, 4, NVIDIA GeForce RTX 3080 Ti,1674292290.1393802,20.9,3.9,0.0,71.9,3.2,0.0,0.2,0.0,1200017,2026076,1200090,1200036,1317007,1200026,4014463,4027754,1199989,1830531,1200053,1772742,1200019,1492952,4057260,4000004
467,1674292291.589, 126.30, 1710, 9251, 52, 21, 4, NVIDIA GeForce RTX 3080 Ti,1674292291.547381,20.9,3.9,0.0,71.9,3.2,0.0,0.2,0.0,1227437,1200045,1389607,1200003,1200026,1200006,1200005,4005923,1200194,4037290,1200025,1754844,1199980,1200000,1200094,4046021
468,1674292292.989, 158.88, 1995, 9251, 53, 20, 4, NVIDIA GeForce RTX 3080 Ti,1674292292.9472811,20.9,3.9,0.0,71.9,3.2,0.0,0.2,0.0,4023168,1992066,1200773,1217592,1200034,1200022,1200033,4033103,4000006,1592977,1199997,1200180,1200018,1200011,1200082,4010422
469,1674292294.388, 157.65, 1710, 9251, 52, 24, 4, NVIDIA GeForce RTX 3080 Ti,1674292294.343507,20.9,3.9,0.0,71.9,3.2,0.0,0.2,0.0,3750786,1509080,1200091,4019717,1200149,1200016,1200030,4010689,2289668,1759369,1200004,4000004,1200047,1979655,1200006,4004357
470,1674292295.797, 126.88, 1710, 9251, 52, 24, 4, NVIDIA GeForce RTX 3080 Ti,1674292295.7553713,20.9,3.9,0.0,71.9,3.2,0.0,0.2,0.0,1200023,1200049,1531486,4034974,1200008,1200017,1391736,4016044,1200074,1200039,1695027,4000038,1200017,1200022,1893772,4000020
471,1674292297.198, 139.18, 1995, 9251, 53, 65, 34, NVIDIA GeForce RTX 3080 Ti,1674292297.1553504,20.9,3.9,0.0,71.9,3.2,0.0,0.2,0.0,1200019,1365216,1200058,4019323,1200001,1196001,1200004,4045035,1200053,1298715,1200015,1963710,3999939,4003065,1200228,4000042
472,1674292298.596, 162.30, 1995, 9251, 53, 20, 4, NVIDIA GeForce RTX 3080 Ti,1674292298.5552564,20.9,3.9,0.0,71.9,3.2,0.0,0.2,0.0,1200043,1428599,4026939,1200047,2777919,1200025,1409337,4015463,1200066,1200042,1200117,1200030,1200049,4027621,1200141,3996478
473,1674292299.993, 130.59, 1710, 9251, 52, 23, 4, NVIDIA GeForce RTX 3080 Ti,1674292299.9513502,20.9,3.9,0.0,71.9,3.2,0.0,0.2,0.0,1200051,4054069,1252467,1200017,1200008,1200276,1200016,4000000,2283884,4044126,1200078,1711123,1200015,1199995,1473044,4004105
474,1674292301.392, 126.69, 1710, 9251, 52, 17, 3, NVIDIA GeForce RTX 3080 Ti,1674292301.3513327,20.9,3.9,0.0,71.9,3.2,0.0,0.2,0.0,1200032,4032667,1200036,1255689,1200011,1200112,2109092,4061574,1200003,4053200,1200076,1434447,1200028,1607266,1200109,4000354
475,1674292302.801, 167.96, 1995, 9251, 54, 24, 4, NVIDIA GeForce RTX 3080 Ti,1674292302.759376,20.9,3.9,0.0,71.9,3.2,0.0,0.2,0.0,1200098,1200079,1878033,4002077,1200003,1200021,1756164,4031906,1313694,1683033,1200300,4045355,1199995,1200110,1199943,4054197
476,1674292304.201, 154.38, 1710, 9251, 52, 27, 4, NVIDIA GeForce RTX 3080 Ti,1674292304.1594033,20.9,3.9,0.0,71.9,3.2,0.0,0.2,0.0,1200022,1200009,1567821,1609906,4000094,1200101,1200015,4062266,1200035,1200058,1200039,1200012,4052636,1200077,1200009,4000000
477,1674292305.612, 125.75, 1710, 9251, 52, 12, 2, NVIDIA GeForce RTX 3080 Ti,1674292305.563368,20.9,3.9,0.0,71.9,3.2,0.0,0.2,0.0,1226968,1200107,1562281,1899024,4067869,1199995,1200015,4033459,1199947,1201036,1365260,1200007,4012774,1958329,1200173,4007655
478,1674292307.015, 127.15, 1710, 9251, 52, 23, 4, NVIDIA GeForce RTX 3080 Ti,1674292306.9713192,20.9,3.9,0.0,71.9,3.2,0.0,0.2,0.0,1200038,1200014,2046403,2082824,4023525,1200007,1200006,4025493,1200044,1200016,1200009,2298163,4050115,1218188,1200023,4000023
479,1674292308.421, 127.00, 1710, 9251, 52, 24, 4, NVIDIA GeForce RTX 3080 Ti,1674292308.3793676,20.9,3.9,0.0,71.9,3.2,0.0,0.2,0.0,1483042,1200030,1200019,1205884,4005919,1199131,1211793,4025681,1549729,1200007,1200055,1227718,4052551,1200027,1200014,4000005
480,1674292309.829, 127.11, 1710, 9251, 52, 24, 4, NVIDIA GeForce RTX 3080 Ti,1674292309.7873735,20.9,3.9,0.0,71.9,3.2,0.0,0.2,0.0,1200079,1200029,1200030,1200059,4041721,1200024,1200024,3999999,2672991,1200021,1200016,1235007,4030069,1413749,1200018,4000902
481,1674292311.233, 127.18, 1710, 9251, 52, 23, 4, NVIDIA GeForce RTX 3080 Ti,1674292311.1913757,20.9,3.9,0.0,71.9,3.2,0.0,0.2,0.0,1200027,1200055,1818853,1200005,3999990,1200110,1200020,4048275,1200006,1200028,1200002,1959611,4051844,1200215,1200039,4000362
482,1674292312.629, 165.11, 1995, 9251, 53, 20, 4, NVIDIA GeForce RTX 3080 Ti,1674292312.587285,20.9,3.9,0.0,71.9,3.2,0.0,0.2,0.0,1200003,1611379,1200003,1199757,4083564,1200008,2104331,4060366,1200014,1872000,1200009,1416376,4032025,1200022,1200019,4000960
483,1674292314.02, 149.91, 1710, 9251, 52, 21, 3, NVIDIA GeForce RTX 3080 Ti,1674292313.9793415,20.9,3.9,0.0,71.9,3.2,0.0,0.2,0.0,1278980,1200021,1200011,1784234,3923632,4000019,1200019,4015391,1200006,1200125,1200013,1257343,3999958,3880038,1200089,4000057
484,1674292315.417, 126.82, 1710, 9251, 52, 24, 4, NVIDIA GeForce RTX 3080 Ti,1674292315.3753233,20.9,3.9,0.0,71.9,3.2,0.0,0.2,0.0,1619588,4000622,1200016,1200016,1200044,1200026,1237104,4007185,1200024,1620055,4012869,2794682,1200021,1200037,1200046,4024764
485,1674292316.825, 127.16, 1710, 9251, 52, 22, 4, NVIDIA GeForce RTX 3080 Ti,1674292316.7835057,20.9,3.9,0.0,71.9,3.2,0.0,0.2,0.0,1200050,1400956,1749982,1801856,3999993,1630013,1843702,4063606,1516640,1209192,1200048,1200479,4027742,2146045,1200069,3999999
486,1674292318.234, 164.50, 1995, 9251, 53, 21, 4, NVIDIA GeForce RTX 3080 Ti,1674292318.1913717,20.9,3.9,0.0,71.9,3.2,0.0,0.2,0.0,2389451,1200030,1711592,1781828,4055926,1200066,1200024,4061251,1200017,1733306,1200042,3898699,4075712,1200009,1507792,4002470
487,1674292319.637, 137.00, 1710, 9251, 52, 23, 4, NVIDIA GeForce RTX 3080 Ti,1674292319.5953474,20.9,3.9,0.0,71.9,3.2,0.0,0.2,0.0,1200039,1200054,1200007,1200007,4016419,2266974,1726181,4012426,1200015,1633981,1200158,1200911,1200051,4035488,1478502,4076961
488,1674292321.041, 126.88, 1710, 9251, 52, 23, 4, NVIDIA GeForce RTX 3080 Ti,1674292320.9955075,20.9,3.9,0.0,71.9,3.2,0.0,0.2,0.0,1776368,1200024,1200045,1200037,1200041,4000005,1200056,4036345,1200209,1200068,1200002,1200020,1199995,4020600,1200017,4015779
489,1674292322.45, 161.73, 1995, 9251, 53, 19, 3, NVIDIA GeForce RTX 3080 Ti,1674292322.411176,20.9,3.9,0.0,71.9,3.2,0.0,0.2,0.0,1199993,4013239,1200047,1200011,1200029,4013972,1200041,4042898,1200078,1200001,1200012,1200076,1200023,2898853,4052803,3999996
490,1674292323.853, 154.40, 1710, 9251, 52, 21, 3, NVIDIA GeForce RTX 3080 Ti,1674292323.8113332,20.9,3.9,0.0,71.9,3.2,0.0,0.2,0.0,1200026,1200145,1200040,1200035,1200013,1200025,4001163,4039751,2129438,2005690,1200032,3581250,1200018,1200155,1223246,3999993
491,1674292325.27, 126.96, 1710, 9251, 52, 23, 4, NVIDIA GeForce RTX 3080 Ti,1674292325.2273269,20.9,3.9,0.0,71.9,3.2,0.0,0.2,0.0,1526142,1200000,1954603,4000060,1200029,1200012,1200011,4030781,1200139,1200043,1200053,4047830,1200056,1591943,1952890,3999961
492,1674292326.681, 141.93, 1995, 9251, 54, 55, 28, NVIDIA GeForce RTX 3080 Ti,1674292326.6393723,20.9,3.9,0.0,71.9,3.2,0.0,0.2,0.0,1200022,1675102,1466583,4001157,1200027,1200017,4003124,4025265,1200007,1203105,1200184,1408743,1200009,1433154,4052263,4000016
493,1674292328.078, 163.97, 1995, 9251, 53, 19, 4, NVIDIA GeForce RTX 3080 Ti,1674292328.0312579,20.9,3.9,0.0,71.9,3.2,0.0,0.2,0.0,1200027,1199997,1527349,1200027,1444130,1200015,4106006,4039023,1200052,1222238,1200073,1200051,1200048,1200040,4011209,4024357
494,1674292329.504, 126.97, 1710, 9251, 52, 22, 4, NVIDIA GeForce RTX 3080 Ti,1674292329.4593778,20.9,3.9,0.0,71.9,3.2,0.0,0.2,0.0,1200045,4039774,1200012,1200021,1200004,1200094,1749088,4022947,1200014,4000062,1603435,1200130,1200006,1797023,1304957,4042246
495,1674292330.909, 127.09, 1710, 9251, 52, 23, 4, NVIDIA GeForce RTX 3080 Ti,1674292330.8673167,20.9,3.9,0.0,71.9,3.2,0.0,0.2,0.0,1204512,1200049,1200032,1200074,4031383,1200028,2111089,4042597,2949453,1200022,2007596,1200025,1200026,1700241,1200004,4000673
496,1674292332.309, 155.72, 1995, 9251, 53, 21, 4, NVIDIA GeForce RTX 3080 Ti,1674292332.2673504,20.9,3.9,0.0,71.9,3.2,0.0,0.2,0.0,4004340,1200008,1200025,1202303,1200007,1744543,1271422,4004056,4013308,1218815,1200010,1262920,1200030,1200013,1818200,4000023
497,1674292333.717, 160.98, 1710, 9251, 53, 20, 4, NVIDIA GeForce RTX 3080 Ti,1674292333.6753206,20.9,3.9,0.0,71.9,3.2,0.0,0.2,0.0,4001782,1200136,1200026,1200014,2779743,1200066,1883278,4024913,4024883,1200033,2161615,1200033,1200287,1200098,1200009,4020090
498,1674292335.105, 127.49, 1710, 9251, 52, 27, 4, NVIDIA GeForce RTX 3080 Ti,1674292335.0634212,20.9,3.9,0.0,71.9,3.2,0.0,0.2,0.0,4021441,1200050,1314059,1200098,1200054,1200045,1200008,4044207,1200035,1200077,2327318,1200042,4036381,1200005,2140432,4000014
499,1674292336.514, 128.80, 1710, 9251, 53, 26, 4, NVIDIA GeForce RTX 3080 Ti,1674292336.4713562,20.9,3.9,0.0,71.9,3.2,0.0,0.2,0.0,1200110,1207000,1200039,1200027,4000067,1200069,1505397,4022863,1200035,1830738,1200008,1200096,4002057,1199999,1320091,4000039
